1692944325671 1.8349931879087686 0
1692944325672 1.774825631124154 0
1692944325673 1.720102434357207 0
1692944325674 1.6706138415337526 0
1692944325675 1.6250787721579214 0
1692944325675 1.5804260877476877 0
1692944325676 1.540087678088635 0
1692944325677 1.5032374345972377 0
1692944325678 1.470230741815273 0
1692944325679 1.4399311795934133 0
1692944325680 1.411821197945418 0
1692944325681 1.3861420229942942 0
1692944325682 1.3631454247909895 0
1692944325682 1.3420085492705573 0
1692944325683 1.3227373272987732 0
1692944325684 1.304702807204247 0
1692944325685 1.2874733693176559 0
1692944325685 1.271076191850138 0
1692944325686 1.2566525735084981 0
1692944325687 1.2432568691474217 0
1692944325688 1.2300210585474225 0
1692944325689 1.2174541984416742 0
1692944325690 1.2066994316665318 0
1692944325690 1.1970181658905188 0
1692944325691 1.187570355778042 0
1692944325692 1.1772591350081758 0
1692944325693 1.1682245892820229 0
1692944325694 1.1593805359710403 0
1692944325694 1.150116993156715 0
1692944325695 1.1430843708280338 0
1692944325696 1.1360546807810878 0
1692944325697 1.1305427193946003 0
1692944325697 1.1233293381592984 0
1692944325698 1.117787809989996 0
1692944325699 1.110808761099295 0
1692944325700 1.1035124870692758 0
1692944325701 1.0978308798536345 0
1692944325701 1.093869482125306 0
1692944325702 1.0881798185885931 0
1692944325703 1.083162804365111 0
1692944325704 1.0784149164076928 0
1692944325705 1.0731808557737894 0
1692944325705 1.0692309713189458 0
1692944325706 1.0651779157504937 0
1692944325707 1.060304646626683 0
1692944325708 1.054816700363722 0
1692944325708 1.0502545956783398 0
1692944325709 1.0468907238346874 0
1692944325710 1.0431939545947913 0
1692944325711 1.0403293502256687 0
1692944325712 1.037275124126372 0
1692944325712 1.0328666458200584 0
1692944325713 1.0284436454371666 0
1692944325714 1.025508141850301 0
1692944325715 1.023194313324301 0
1692944325716 1.0198151861995461 0
1692944325716 1.0169857015161496 0
1692944325717 1.013710635640139 0
1692944325718 1.0109179529179713 0
1692944325719 1.007868040083035 0
1692944325720 1.0051771248691783 0
1692944325720 1.002460622524762 0
1692944325721 0.9985229612888707 0
1692944325722 0.9958861099282614 0
1692944325723 0.9927069151732493 0
1692944325723 0.9897827921313814 0
1692944325724 0.9860798668004184 0
1692944325725 0.9837134087188601 0
1692944325726 0.9808250889377563 0
1692944325727 0.9782088262668734 0
1692944325727 0.9756566226761421 0
1692944325728 0.9736734208153113 0
1692944325729 0.9707262842148678 0
1692944325730 0.9686490439924087 0
1692944325731 0.9676163736249536 0
1692944325731 0.9650421353110361 0
1692944325732 0.9639950177028961 0
1692944325733 0.9618841998312572 0
1692944325734 0.9602348556449578 0
1692944325734 0.9581627677989728 0
1692944325735 0.9561380999878945 0
1692944325736 0.9543932732874234 0
1692944325737 0.9526200150661701 0
1692944325738 0.9517257584528095 0
1692944325738 0.9496757961997245 0
1692944325739 0.9478637945369993 0
1692944325740 0.9468663737585492 0
1692944325741 0.9459640937602835 0
1692944325741 0.9439679733839023 0
1692944325742 0.9430991114608266 0
1692944325743 0.9409961259863604 0
1692944325744 0.9400785931226565 0
1692944325745 0.9391426809789545 0
1692944325746 0.9376678827714579 0
1692944325747 0.93544372378831 0
1692944325747 0.9331929852264551 0
1692944325748 0.9325711588429353 0
1692944325749 0.9311718884796912 0
1692944325750 0.9297555136220399 0
1692944325751 0.9290888023039456 0
