1692944333290 1.8335906470858807 0
1692944333294 1.772600619892203 0
1692944333296 1.7167393799813495 0
1692944333297 1.6670871727595566 0
1692944333299 1.6191978278478107 0
1692944333300 1.5778046093792184 0
1692944333302 1.537712008824942 0
1692944333303 1.5037712967105548 0
1692944333305 1.471922319945888 0
1692944333307 1.4404894315589731 0
1692944333310 1.4128367932153498 0
1692944333313 1.3879497820957238 0
1692944333314 1.3653979998357082 0
1692944333316 1.3444170044848152 0
1692944333318 1.323376081944163 0
1692944333320 1.3049081609189888 0
1692944333322 1.2875931259778794 0
1692944333323 1.2713332302512939 0
1692944333324 1.2558767878992951 0
1692944333326 1.2429740083850966 0
1692944333327 1.2302922070894362 0
1692944333329 1.21787444724888 0
1692944333330 1.206399422661347 0
1692944333332 1.1955075468840797 0
1692944333333 1.1856300648164162 0
1692944333334 1.175553849546095 0
1692944333336 1.1655533527891682 0
1692944333337 1.156360966663624 0
1692944333339 1.1490421863370848 0
1692944333340 1.140834197446307 0
1692944333341 1.133891585245111 0
1692944333343 1.1274823288925764 0
1692944333344 1.1206726428609899 0
1692944333346 1.114077134371313 0
1692944333347 1.108691772292483 0
1692944333349 1.103875424240826 0
1692944333350 1.098934147554875 0
1692944333351 1.0946311377557763 0
1692944333353 1.090167188299501 0
1692944333354 1.0842665857377851 0
1692944333356 1.0784940546596866 0
1692944333357 1.0736328428487156 0
1692944333359 1.0700808719236719 0
1692944333360 1.0655347441535798 0
1692944333361 1.0617095918931898 0
1692944333363 1.0570317743970945 0
1692944333365 1.0539479465180186 0
1692944333366 1.0490772797840633 0
1692944333367 1.045558667941917 0
1692944333369 1.0426834920578536 0
1692944333371 1.0392745317937002 0
1692944333373 1.0353943933190435 0
1692944333374 1.0321396200206399 0
1692944333375 1.0290800779814189 0
1692944333377 1.026498278370533 0
1692944333378 1.023202750588029 0
1692944333380 1.020819320453293 0
1692944333381 1.0179273882464086 0
1692944333383 1.014771104364016 0
1692944333384 1.0120804162923476 0
1692944333385 1.009638452757907 0
1692944333393 1.0079765303764434 0
1692944333394 1.0052264353934912 0
1692944333396 1.002402729891605 0
1692944333397 1.0007057520800493 0
1692944333398 0.9986397092660247 0
1692944333399 0.9969705181862587 0
1692944333400 0.9942322621090931 0
1692944333402 0.9920637890143433 0
1692944333403 0.989539429886137 0
1692944333404 0.988078105468109 0
1692944333405 0.9858970899827709 0
1692944333407 0.9839576114343461 0
1692944333408 0.9818483762125277 0
1692944333409 0.9796855337134285 0
1692944333410 0.9777242428980859 0
1692944333412 0.9755431390951771 0
1692944333413 0.9731258295243845 0
1692944333414 0.9719036711405515 0
1692944333415 0.9702131756859651 0
1692944333416 0.9682019600346105 0
1692944333417 0.9665887675849487 0
1692944333419 0.9634632323919782 0
1692944333420 0.9616308863134266 0
1692944333421 0.9602281201752304 0
1692944333423 0.9588107120328059 0
1692944333424 0.9572550788832498 0
1692944333426 0.9553828284566845 0
1692944333427 0.9541669105606189 0
1692944333428 0.9526841060750976 0
1692944333430 0.9495938407762258 0
1692944333431 0.9475958164293871 0
1692944333432 0.945911278959547 0
1692944333434 0.9441216635283027 0
1692944333435 0.9425204084347146 0
1692944333437 0.9405348613344943 0
1692944333438 0.9386622172274997 0
1692944333439 0.9382683341269636 0
1692944333441 0.9366579382778162 0
1692944333442 0.9334513246994879 0
