1692944382746 1.7725874037408709 0
1692944382747 1.6671370336289584 0
1692944382748 1.5786430571574088 0
1692944382749 1.5060134875987636 0
1692944382750 1.440735230529005 0
1692944382751 1.3863000031152675 0
1692944382752 1.338318167319701 0
1692944382754 1.2982733939242432 0
1692944382754 1.2625381361386878 0
1692944382755 1.2355876564886525 0
1692944382756 1.2114471488834995 0
1692944382757 1.189039701970785 0
1692944382758 1.1710198345710117 0
1692944382758 1.1534865852729053 0
1692944382759 1.1381256501107486 0
1692944382760 1.1234493551642157 0
1692944382761 1.1112319220158327 0
1692944382762 1.1006874428581543 0
1692944382762 1.089332270623563 0
1692944382763 1.0782212724546085 0
1692944382764 1.0706460459773146 0
1692944382765 1.0628724825197526 0
1692944382766 1.0541887376502401 0
1692944382766 1.0478152283541453 0
1692944382767 1.0388453626089782 0
1692944382768 1.032396552154671 0
1692944382769 1.02760916486876 0
1692944382770 1.0229186980251914 0
1692944382771 1.0175364191210545 0
1692944382772 1.0136641979378347 0
1692944382772 1.005803497928708 0
1692944382773 0.9999432517825525 0
1692944382774 0.9935373221462653 0
1692944382775 0.989995162925304 0
1692944382776 0.9842297374547546 0
1692944382776 0.9791671101387613 0
1692944382777 0.9745553499102242 0
1692944382778 0.9704712974133614 0
1692944382779 0.9648241085959461 0
1692944382780 0.9589553570730911 0
1692944382781 0.9538377403103345 0
1692944382781 0.9499585173563646 0
1692944382782 0.9471331414925892 0
1692944382783 0.9426098418279248 0
1692944382784 0.9370627705650703 0
1692944382785 0.9339546197069538 0
1692944382785 0.9315532261718311 0
1692944382786 0.9290733905888195 0
1692944382787 0.925224979870989 0
1692944382788 0.9210121559741159 0
1692944382789 0.9165359905536172 0
1692944382790 0.9134523543396088 0
1692944382791 0.9119447287332573 0
1692944382791 0.9111297898291607 0
1692944382792 0.9092932206517612 0
1692944382793 0.9060430655092993 0
1692944382794 0.9047139485286892 0
1692944382795 0.902738262651669 0
1692944382795 0.8995719770005995 0
1692944382796 0.898336865061586 0
1692944382797 0.8980138738565411 0
1692944382798 0.8976514468761612 0
1692944382799 0.892418267460633 0
1692944382799 0.8894618751317453 0
1692944382800 0.887362868559622 0
1692944382801 0.8863500526084376 0
1692944382802 0.8846525019349857 0
1692944382803 0.8844070996717242 0
1692944382803 0.8826497327792624 0
1692944382804 0.8812642556664358 0
1692944382805 0.876903973005987 0
1692944382806 0.8724827418403165 0
1692944382807 0.8689763345961192 0
1692944382808 0.8687965404615163 0
1692944382809 0.8681965656393477 0
1692944382809 0.8669493904161389 0
1692944382810 0.8658517937778116 0
1692944382811 0.8648652423780134 0
1692944382812 0.8624596023512611 0
1692944382813 0.8619499949316285 0
1692944382813 0.8616419036306723 0
1692944382814 0.8585294505521951 0
1692944382815 0.8575097285984898 0
1692944382816 0.8564344813470424 0
1692944382817 0.8559398383041436 0
1692944382818 0.8553371579088918 0
1692944382819 0.8551599465513199 0
1692944382820 0.8541480547635478 0
1692944382821 0.8474077436686535 0
1692944382821 0.8436413301892836 0
1692944382822 0.8387046617035064 0
1692944382823 0.8335480594208479 0
1692944382824 0.8284724392086988 0
1692944382825 0.822969698194776 0
1692944382825 0.8203274814662843 0
1692944382826 0.815354607019299 0
1692944382827 0.8120044512809516 0
1692944382828 0.8088349892206236 0
1692944382829 0.8087099464178864 0
1692944382830 0.808538720764906 0
