1692944255439 1.8888747430437791 0
1692944255440 1.877152074665405 0
1692944255441 1.8655423189325593 0
1692944255442 1.8542150238467485 0
1692944255443 1.8434480141402607 0
1692944255443 1.832320623220788 0
1692944255444 1.8209792425822835 0
1692944255445 1.810598398903596 0
1692944255446 1.8003396956978357 0
1692944255447 1.7902685945780024 0
1692944255448 1.7798056445176569 0
1692944255448 1.7701510922618 0
1692944255449 1.7606037291078152 0
1692944255450 1.7509406597066457 0
1692944255451 1.741678317399397 0
1692944255451 1.7325019795153684 0
1692944255452 1.7237551017835273 0
1692944255453 1.7149510372997168 0
1692944255454 1.7064821694168624 0
1692944255454 1.698097509184512 0
1692944255455 1.6897737792719802 0
1692944255456 1.6808232170934527 0
1692944255457 1.6728013318126818 0
1692944255457 1.6643550530083704 0
1692944255458 1.6558705412040562 0
1692944255459 1.6475176657364026 0
1692944255460 1.6392719208692181 0
1692944255460 1.631212571029103 0
1692944255461 1.6236046674546991 0
1692944255462 1.6159984473950235 0
1692944255463 1.6089163754839628 0
1692944255463 1.6017152399016668 0
1692944255464 1.5946218663047984 0
1692944255465 1.5875475160187427 0
1692944255466 1.58060189554933 0
1692944255466 1.5739790966386138 0
1692944255467 1.5672857272086969 0
1692944255468 1.5606079506646289 0
1692944255469 1.5541257487255842 0
1692944255469 1.5477910442164349 0
1692944255470 1.5414890163704134 0
1692944255471 1.5354085660440489 0
1692944255471 1.5292396442996739 0
1692944255472 1.5233815825488533 0
1692944255473 1.5174668205928252 0
1692944255474 1.5116771930682533 0
1692944255474 1.5059839189401312 0
1692944255475 1.5002985525193309 0
1692944255476 1.4946681784670746 0
1692944255477 1.4891365653210837 0
1692944255477 1.4839269063926255 0
1692944255478 1.4787657672023506 0
1692944255479 1.4737035357174502 0
1692944255480 1.4688371237494582 0
1692944255480 1.4639780758640768 0
1692944255481 1.4591174955150172 0
1692944255482 1.4543318298148196 0
1692944255483 1.4496833375999545 0
1692944255483 1.4450678718685133 0
1692944255484 1.4405748014505266 0
1692944255485 1.436141505853251 0
1692944255486 1.4316621493974553 0
1692944255486 1.427376874612691 0
1692944255487 1.4231659154211256 0
1692944255488 1.4190233954944866 0
1692944255489 1.414925162246745 0
1692944255489 1.4110750051038314 0
1692944255490 1.4070499058169772 0
1692944255491 1.4032195353476202 0
1692944255492 1.3995503292239653 0
1692944255492 1.395795170546559 0
1692944255493 1.3919844263283117 0
1692944255494 1.3884282882834558 0
1692944255495 1.3847864723690595 0
1692944255495 1.3812720066444266 0
1692944255496 1.3776739501200226 0
1692944255497 1.3742772284653622 0
1692944255497 1.3708206127995606 0
1692944255498 1.3676058539593379 0
1692944255499 1.3643202886841068 0
1692944255500 1.3611485175479057 0
1692944255500 1.3580346442455096 0
1692944255501 1.3549437641927662 0
1692944255502 1.351928325500992 0
1692944255503 1.3488748229699543 0
1692944255503 1.3459183612286476 0
1692944255504 1.34302360207045 0
1692944255505 1.3400760629740898 0
1692944255506 1.3372527964546963 0
1692944255506 1.3345004117894996 0
1692944255507 1.3317756404907237 0
1692944255508 1.3292584639288474 0
1692944255509 1.3265318724537836 0
1692944255509 1.32386415489297 0
1692944255510 1.321331951535919 0
1692944255511 1.3187857190161938 0
1692944255512 1.316211193500254 0
1692944255513 1.3136086332978407 0
1692944255514 1.3111586627316465 0
1692944255514 1.3087442165923315 0
