1692944371606 1.7849143903693754 0
1692944371607 1.6906602917998383 0
1692944371608 1.6100340980705827 0
1692944371609 1.537633694902719 0
1692944371610 1.478721175096 0
1692944371611 1.429539204106335 0
1692944371611 1.3890917985546156 0
1692944371612 1.3548131835979473 0
1692944371613 1.3237924678775799 0
1692944371614 1.2993773295083426 0
1692944371615 1.2779888599360516 0
1692944371616 1.2597190853855786 0
1692944371617 1.2425970461786087 0
1692944371618 1.228844387337799 0
1692944371618 1.2166958577833185 0
1692944371622 1.2043512913610184 0
1692944371623 1.1931795202293243 0
1692944371624 1.184339401139482 0
1692944371624 1.1763650460330584 0
1692944371625 1.1678211980458184 0
1692944371626 1.1610093247575568 0
1692944371627 1.15304403837745 0
1692944371628 1.147452202642548 0
1692944371628 1.1410129191838547 0
1692944371629 1.135433720863792 0
1692944371630 1.127674823380974 0
1692944371631 1.1223383438535453 0
1692944371631 1.1176196984695241 0
1692944371632 1.113438329898553 0
1692944371633 1.1067940825442626 0
1692944371634 1.102374567630287 0
1692944371635 1.097107651417734 0
1692944371635 1.0925233645401717 0
1692944371636 1.0883912995991711 0
1692944371637 1.0863671168274576 0
1692944371638 1.0810128131367056 0
1692944371639 1.0780117130573048 0
1692944371639 1.0746580827067473 0
1692944371640 1.072155411484242 0
1692944371641 1.0675271446787231 0
1692944371642 1.0639915038343022 0
1692944371643 1.0622222575338742 0
1692944371643 1.059630658174469 0
1692944371644 1.0576898610616796 0
1692944371645 1.054301060199783 0
1692944371646 1.0523774278598712 0
1692944371647 1.0511656588906568 0
1692944371647 1.0487308431406483 0
1692944371648 1.0476703583585394 0
1692944371649 1.0457134966331618 0
1692944371650 1.0427766159639393 0
1692944371651 1.039055885614518 0
1692944371651 1.037527403433287 0
1692944371652 1.0341756216334046 0
1692944371653 1.0309990637378044 0
1692944371654 1.0270887047017716 0
1692944371655 1.0262199188773105 0
1692944371655 1.0232280115508987 0
1692944371656 1.022132886873907 0
1692944371657 1.0188168125748198 0
1692944371658 1.018387696106307 0
1692944371659 1.0179006918329516 0
1692944371659 1.0167666033574656 0
1692944371660 1.0150375273759447 0
1692944371661 1.0143648018083329 0
1692944371662 1.0116312305357018 0
1692944371663 1.0101534814247883 0
1692944371663 1.0074129997430328 0
1692944371664 1.0059866780527196 0
1692944371665 1.0047379566895558 0
1692944371666 1.0041669789287138 0
1692944371667 1.000550332793893 0
1692944371667 0.999800261423667 0
1692944371668 0.9971990130885422 0
1692944371669 0.9939648393860051 0
1692944371670 0.9913498602628179 0
1692944371671 0.9908450825848563 0
1692944371671 0.9902362899266887 0
1692944371672 0.9877448836751451 0
1692944371673 0.985477830845061 0
1692944371674 0.982603965669217 0
1692944371675 0.978225583193544 0
1692944371675 0.9758147529571783 0
1692944371676 0.9735864405925068 0
1692944371677 0.9720435710865687 0
1692944371678 0.971153868380447 0
1692944371679 0.9704537294375479 0
1692944371680 0.9686630910364069 0
1692944371681 0.9655857153286698 0
1692944371682 0.9650152533707602 0
1692944371683 0.9626244498423373 0
1692944371683 0.959786186869068 0
1692944371684 0.9583016719614776 0
1692944371685 0.9556101238827087 0
1692944371688 0.955467075330638 0
1692944371689 0.9534736925412063 0
1692944371690 0.9521024966892894 0
1692944371691 0.9510527644769308 0
1692944371691 0.9496772710286555 0
1692944371692 0.9490422489683831 0
