1692944302274 1.8485185239434294 0
1692944302275 1.80127844317571 0
1692944302276 1.7545651811658338 0
1692944302277 1.7157669619330047 0
1692944302277 1.6793797373346921 0
1692944302278 1.6431714081108342 0
1692944302279 1.6131406084530548 0
1692944302280 1.5845853021807252 0
1692944302281 1.556356055865152 0
1692944302282 1.5321182110505833 0
1692944302284 1.5082585680345808 0
1692944302285 1.4876250391729369 0
1692944302285 1.467975562795235 0
1692944302286 1.4488334430583985 0
1692944302287 1.4312145490938322 0
1692944302288 1.4154955575043962 0
1692944302289 1.400688627469094 0
1692944302289 1.3869458572018656 0
1692944302290 1.3742653769832502 0
1692944302291 1.3625177805295388 0
1692944302292 1.3521274280537532 0
1692944302292 1.3409870363922878 0
1692944302293 1.3319549405978601 0
1692944302294 1.3235422197648716 0
1692944302295 1.3154979162023894 0
1692944302296 1.3078248720560506 0
1692944302296 1.3005850468914264 0
1692944302297 1.2934390673070935 0
1692944302298 1.2875072694816119 0
1692944302299 1.2814478112576806 0
1692944302299 1.2756998583324735 0
1692944302300 1.270441524535179 0
1692944302301 1.2650310565470724 0
1692944302302 1.2601428223615627 0
1692944302302 1.2557448859474443 0
1692944302303 1.2516754901043685 0
1692944302304 1.2480968914190673 0
1692944302305 1.2441480870502857 0
1692944302306 1.2403425746258452 0
1692944302306 1.2360938546101203 0
1692944302307 1.232199961540522 0
1692944302308 1.2292362777388208 0
1692944302309 1.2260730392278796 0
1692944302310 1.2235656963927786 0
1692944302310 1.220014337713532 0
1692944302311 1.2171076007803443 0
1692944302312 1.2144212049090102 0
1692944302313 1.2114916293309286 0
1692944302313 1.208843000680979 0
1692944302314 1.206661398880719 0
1692944302315 1.2043428333400563 0
1692944302316 1.2020827577958797 0
1692944302317 1.1998095378080469 0
1692944302317 1.1981333861100683 0
1692944302318 1.1956337652161872 0
1692944302319 1.1937578010121568 0
1692944302320 1.19166110987134 0
1692944302320 1.1900178947513058 0
1692944302321 1.188511961043381 0
1692944302322 1.1865728839192233 0
1692944302323 1.1850412883136847 0
1692944302323 1.1834792546645552 0
1692944302324 1.181643512888293 0
1692944302325 1.1802058448656378 0
1692944302326 1.17883375411537 0
1692944302326 1.1776870755751851 0
1692944302327 1.1760282765707162 0
1692944302328 1.1747646292077925 0
1692944302329 1.1734897293637667 0
1692944302329 1.1722856774385737 0
1692944302330 1.1712919082390243 0
1692944302331 1.170363334801355 0
1692944302332 1.1692757872924506 0
1692944302333 1.1684659394612775 0
1692944302333 1.1671886377070138 0
1692944302334 1.1659113886956485 0
1692944302335 1.1645825322625045 0
1692944302336 1.1632416053523902 0
1692944302336 1.1620656350868248 0
1692944302337 1.161154382669187 0
1692944302338 1.1600997605919237 0
1692944302339 1.1587945356858131 0
1692944302339 1.1572512328144993 0
1692944302340 1.1554279897621975 0
1692944302342 1.154872053436904 0
1692944302343 1.1537602261733753 0
1692944302344 1.1528992995130058 0
1692944302345 1.1520295361806325 0
1692944302347 1.1506162063925485 0
1692944302348 1.1496757972126779 0
1692944302349 1.1488704040840554 0
1692944302350 1.147704184598411 0
1692944302352 1.1468723941445678 0
1692944302353 1.1456752178394072 0
1692944302354 1.144709642956462 0
1692944302355 1.1433766251628987 0
1692944302356 1.142266349121042 0
1692944302358 1.1416050676773708 0
1692944302359 1.140857050975411 0
1692944302360 1.1396887328963936 0
