1692944234257 1.8900255303483293 0
1692944234258 1.8794913900920258 0
1692944234259 1.8691659686320279 0
1692944234259 1.8590405308479752 0
1692944234260 1.849110011250944 0
1692944234261 1.8393714064093747 0
1692944234262 1.829819007180606 0
1692944234262 1.8203021556679466 0
1692944234263 1.8111073370273632 0
1692944234264 1.8019467509827902 0
1692944234265 1.7930982430329916 0
1692944234266 1.7842285256830583 0
1692944234268 1.77477563900977 0
1692944234269 1.76550696382432 0
1692944234270 1.7564194104098412 0
1692944234271 1.7474651133840728 0
1692944234272 1.7387265596015338 0
1692944234273 1.7301165398859546 0
1692944234274 1.7217107514433583 0
1692944234275 1.71338088451246 0
1692944234275 1.7052941115307565 0
1692944234276 1.697902329568072 0
1692944234277 1.6900583245181036 0
1692944234278 1.6823648249158198 0
1692944234278 1.6748158138637843 0
1692944234279 1.6673944344686036 0
1692944234280 1.6600888337640716 0
1692944234281 1.652943651928351 0
1692944234281 1.6458944158914266 0
1692944234282 1.6390074785042312 0
1692944234283 1.6327536388537136 0
1692944234284 1.6260639385052427 0
1692944234284 1.619539874344722 0
1692944234285 1.6130956132640923 0
1692944234286 1.6067096891303019 0
1692944234287 1.6005296862348515 0
1692944234287 1.594341670276422 0
1692944234288 1.5883004560265208 0
1692944234289 1.5824530229762133 0
1692944234290 1.57662787843195 0
1692944234290 1.5713459872490898 0
1692944234291 1.5657145505411718 0
1692944234292 1.560248089658577 0
1692944234293 1.5548014379866977 0
1692944234294 1.5495324965448842 0
1692944234294 1.5442842012570395 0
1692944234295 1.5391388424572239 0
1692944234296 1.5344259886181348 0
1692944234297 1.529435950034146 0
1692944234297 1.5245911759714745 0
1692944234298 1.5197823463623432 0
1692944234299 1.51510848481832 0
1692944234299 1.5104679464126822 0
1692944234300 1.5058984622397782 0
1692944234301 1.5016903739940877 0
1692944234302 1.4972836663609161 0
1692944234302 1.4930104054249063 0
1692944234303 1.4887411396208485 0
1692944234304 1.4845676383815287 0
1692944234305 1.480481473408766 0
1692944234305 1.4766598403029483 0
1692944234306 1.4726673407948618 0
1692944234307 1.4687655925268799 0
1692944234308 1.464945242758121 0
1692944234308 1.4611287087633138 0
1692944234309 1.4574904649116365 0
1692944234310 1.4537837212226583 0
1692944234311 1.450277652965804 0
1692944234311 1.4467108204616919 0
1692944234312 1.4431620194034116 0
1692944234313 1.439807799737515 0
1692944234314 1.4364691271244052 0
1692944234314 1.4331301240952194 0
1692944234315 1.429841612015832 0
1692944234316 1.4267044367299582 0
1692944234317 1.423577758766477 0
1692944234317 1.420448792013394 0
1692944234318 1.4173661930692292 0
1692944234319 1.414428807134157 0
1692944234320 1.4114976870660594 0
1692944234320 1.4085117246430592 0
1692944234321 1.4055849550898663 0
1692944234322 1.4027490931771538 0
1692944234323 1.4000181087651227 0
1692944234323 1.3973105736270464 0
1692944234324 1.3945642244788459 0
1692944234325 1.3918670157061304 0
1692944234326 1.3892206820781576 0
1692944234326 1.3866469828585937 0
1692944234327 1.384064006814329 0
1692944234328 1.381563562950799 0
1692944234329 1.3791116646522787 0
1692944234330 1.3766580037676928 0
1692944234331 1.3742408896275509 0
1692944234331 1.371851934110704 0
1692944234332 1.3695397480137035 0
1692944234333 1.36722572449653 0
1692944234334 1.364880130006854 0
1692944234334 1.3626382969023074 0
1692944234335 1.3604571123331657 0
