1692944262877 1.887346580897188 0
1692944262878 1.8741873476802975 0
1692944262879 1.8612857197686181 0
1692944262879 1.8486023757375332 0
1692944262880 1.8362024885124666 0
1692944262881 1.8240119605763552 0
1692944262882 1.812092389945845 0
1692944262882 1.8003934771276568 0
1692944262883 1.7888123284129 0
1692944262885 1.7774236152167595 0
1692944262885 1.766342046613704 0
1692944262886 1.7553451512778395 0
1692944262887 1.7445327396756263 0
1692944262888 1.7339360198796605 0
1692944262888 1.7235979739859868 0
1692944262889 1.7133515897857738 0
1692944262890 1.7032727469431255 0
1692944262891 1.6935143153927494 0
1692944262891 1.6838250073334213 0
1692944262892 1.6743555304880668 0
1692944262893 1.665065860989205 0
1692944262894 1.6559814475746324 0
1692944262894 1.64703160665543 0
1692944262895 1.6383018853056825 0
1692944262896 1.6296031346178006 0
1692944262897 1.6211543265074853 0
1692944262897 1.612716875910331 0
1692944262898 1.6045912085602005 0
1692944262899 1.59590317410363 0
1692944262900 1.5873829386784057 0
1692944262900 1.5790339107618205 0
1692944262901 1.57084610190604 0
1692944262902 1.5628225444771695 0
1692944262903 1.5549509398696695 0
1692944262903 1.5472333101269677 0
1692944262904 1.539667525975673 0
1692944262905 1.5322709913987413 0
1692944262906 1.5250201175665958 0
1692944262906 1.5178868595709942 0
1692944262907 1.510889898763959 0
1692944262908 1.5040239578028445 0
1692944262909 1.4972921233853524 0
1692944262910 1.4907159127451763 0
1692944262910 1.4842432977144429 0
1692944262911 1.4779195931385787 0
1692944262912 1.4716630973096572 0
1692944262913 1.4655510277072454 0
1692944262913 1.4595392186866099 0
1692944262914 1.4536115364106985 0
1692944262915 1.4476255226488335 0
1692944262915 1.4419763047693253 0
1692944262916 1.4362191147447636 0
1692944262917 1.4305905351435226 0
1692944262918 1.4252241132520773 0
1692944262918 1.4198221767141823 0
1692944262919 1.4146041071699127 0
1692944262920 1.409398509980996 0
1692944262921 1.4043464694205736 0
1692944262921 1.3993541076465974 0
1692944262922 1.3944244340420942 0
1692944262923 1.3896896009518902 0
1692944262924 1.3848830693334144 0
1692944262924 1.3801955580985477 0
1692944262925 1.3756804671290765 0
1692944262926 1.371162825093012 0
1692944262927 1.3668308844371295 0
1692944262927 1.3624658776809002 0
1692944262928 1.3581958493473372 0
1692944262929 1.3540823356349525 0
1692944262930 1.3499486562549747 0
1692944262930 1.3459006985904411 0
1692944262931 1.3419986522287224 0
1692944262932 1.3380491514399488 0
1692944262933 1.3341624070479792 0
1692944262933 1.3302692009230377 0
1692944262934 1.3265037172164955 0
1692944262935 1.3225474991342314 0
1692944262936 1.3189647840191883 0
1692944262936 1.315411429470373 0
1692944262937 1.3116545094730458 0
1692944262938 1.3082128570713387 0
1692944262939 1.3046246819625464 0
1692944262939 1.3011672101320821 0
1692944262940 1.2976298073754056 0
1692944262941 1.2943211710310583 0
1692944262942 1.291077445016317 0
1692944262943 1.2879366204148432 0
1692944262943 1.2846213768797723 0
1692944262944 1.2815214140874238 0
1692944262945 1.2784531817242502 0
1692944262946 1.2752985811203328 0
1692944262946 1.272305047257373 0
1692944262947 1.2694143643480322 0
1692944262948 1.2664044243069303 0
1692944262949 1.263249148097948 0
1692944262950 1.2601293564084328 0
1692944262951 1.2572674766138676 0
1692944262952 1.2544297523674222 0
1692944262952 1.2514288089310168 0
1692944262953 1.2487001437787852 0
