1692944258769 1.8890399721318683 0
1692944258771 1.8769326951251544 0
1692944258771 1.8654937221258854 0
1692944258772 1.8544360170012548 0
1692944258773 1.8433774086197832 0
1692944258774 1.8326358928352002 0
1692944258775 1.822035485498567 0
1692944258775 1.8109056142875999 0
1692944258776 1.8009842774707796 0
1692944258777 1.791016034025518 0
1692944258778 1.7809591431513736 0
1692944258779 1.771377551947154 0
1692944258780 1.7622080260293396 0
1692944258780 1.7531495060890625 0
1692944258781 1.743834771398278 0
1692944258782 1.7346936900524483 0
1692944258783 1.725760109867427 0
1692944258783 1.7168544451453795 0
1692944258784 1.7093710606724202 0
1692944258785 1.700282816740929 0
1692944258786 1.6919531646218788 0
1692944258787 1.6839773642745781 0
1692944258788 1.6759735652864003 0
1692944258788 1.6685922023355049 0
1692944258789 1.661195091807681 0
1692944258790 1.6537492745147044 0
1692944258791 1.645968102374046 0
1692944258791 1.6381583783573619 0
1692944258792 1.6310203446502598 0
1692944258793 1.6235284525791303 0
1692944258794 1.6159489623750622 0
1692944258794 1.608606458075355 0
1692944258795 1.6015655860121827 0
1692944258796 1.5947061476011777 0
1692944258797 1.5876917622937639 0
1692944258797 1.5811864078117097 0
1692944258798 1.5743230404713289 0
1692944258799 1.567879891203668 0
1692944258799 1.5614986998111742 0
1692944258800 1.5555200071853843 0
1692944258801 1.5493167153599248 0
1692944258802 1.5431916915392758 0
1692944258802 1.5372225555980552 0
1692944258803 1.5311640726691982 0
1692944258804 1.525282348390923 0
1692944258805 1.51947380491955 0
1692944258806 1.5137465171983984 0
1692944258806 1.5085162660015512 0
1692944258807 1.50327664340628 0
1692944258808 1.4978621886619963 0
1692944258809 1.4927264828271447 0
1692944258809 1.4872718217706835 0
1692944258810 1.4823707439343545 0
1692944258811 1.477339110630098 0
1692944258812 1.4723098450735517 0
1692944258812 1.4675008029202592 0
1692944258813 1.4627274470431888 0
1692944258814 1.4580091020811692 0
1692944258815 1.4534117950978132 0
1692944258815 1.4487592117061898 0
1692944258816 1.4442399992033723 0
1692944258817 1.4397959895134775 0
1692944258818 1.4353862818391239 0
1692944258818 1.4310517731511456 0
1692944258819 1.42678418041223 0
1692944258820 1.4225741965525391 0
1692944258821 1.418457355169013 0
1692944258821 1.4146141924655693 0
1692944258822 1.4106808689960149 0
1692944258823 1.4069423671950283 0
1692944258824 1.4031484707896986 0
1692944258824 1.3994667776149696 0
1692944258825 1.3957496555920312 0
1692944258826 1.392021819659 0
1692944258827 1.3883171985244322 0
1692944258827 1.3847134230655127 0
1692944258828 1.3814357719899835 0
1692944258829 1.3782377324232826 0
1692944258830 1.3748253067920007 0
1692944258830 1.3715285889895037 0
1692944258831 1.3684220432802583 0
1692944258832 1.3651937623384078 0
1692944258833 1.3619984946831574 0
1692944258834 1.3591232593655582 0
1692944258834 1.3560297108170687 0
1692944258835 1.3530084662289155 0
1692944258836 1.3501297036754791 0
1692944258837 1.3472470208692018 0
1692944258837 1.3444329652397364 0
1692944258838 1.341573814140079 0
1692944258839 1.3387345603853775 0
1692944258840 1.3360302636781334 0
1692944258840 1.3332916662027914 0
1692944258841 1.3303616097006323 0
1692944258842 1.3276669405560293 0
1692944258843 1.3250931832326818 0
1692944258844 1.3224540258282393 0
1692944258845 1.319839588604884 0
1692944258845 1.317402967474127 0
1692944258846 1.3149009620554595 0
