1692944280477 1.8548432033897582 0
1692944280478 1.8120070575444156 0
1692944280479 1.7734455105969575 0
1692944280480 1.7350996599886104 0
1692944280481 1.7002850521189854 0
1692944280482 1.6688301468449414 0
1692944280483 1.6418997420954555 0
1692944280484 1.6148751706754145 0
1692944280485 1.5911769974305157 0
1692944280486 1.5679552503844305 0
1692944280487 1.547545071625999 0
1692944280488 1.5283641123699303 0
1692944280489 1.5124652433212955 0
1692944280490 1.4958480676626793 0
1692944280490 1.4802772327035 0
1692944280491 1.466348968702228 0
1692944280492 1.4528987895551306 0
1692944280493 1.4407772754943189 0
1692944280493 1.4294716811779944 0
1692944280494 1.4192125050645839 0
1692944280495 1.4096771340967398 0
1692944280496 1.400334128938993 0
1692944280497 1.3918619338613434 0
1692944280497 1.383575996803514 0
1692944280498 1.376082122163933 0
1692944280499 1.3689061699875649 0
1692944280500 1.362084047607922 0
1692944280500 1.355411725910457 0
1692944280501 1.3490995124335996 0
1692944280502 1.3432382004554997 0
1692944280503 1.3373426539200282 0
1692944280503 1.3321645739139003 0
1692944280504 1.3266879866607062 0
1692944280505 1.3218681459035404 0
1692944280506 1.3172716906877864 0
1692944280506 1.3126414438005858 0
1692944280507 1.308322355673935 0
1692944280508 1.3043444506036352 0
1692944280509 1.3008098873374594 0
1692944280509 1.2970746724929214 0
1692944280510 1.2938921544624375 0
1692944280511 1.2898641596597862 0
1692944280512 1.2865035810207759 0
1692944280512 1.2834141649690889 0
1692944280513 1.2809350565060664 0
1692944280514 1.2774113967704044 0
1692944280515 1.274716713021526 0
1692944280515 1.2717199165497952 0
1692944280516 1.2696408999843398 0
1692944280517 1.267122869213028 0
1692944280518 1.2650309300718077 0
1692944280518 1.2622327123103159 0
1692944280519 1.2595777869335902 0
1692944280520 1.257738004319342 0
1692944280521 1.2555819787112443 0
1692944280521 1.2538602096164095 0
1692944280522 1.2516991941726603 0
1692944280523 1.2498055906073633 0
1692944280524 1.2479159263021484 0
1692944280525 1.24588447030943 0
1692944280525 1.2444392754849303 0
1692944280526 1.242509989363676 0
1692944280527 1.240609929878598 0
1692944280527 1.2392527285891632 0
1692944280528 1.2379018279304936 0
1692944280529 1.2361881823789078 0
1692944280530 1.2348668725923166 0
1692944280530 1.233294393112583 0
1692944280531 1.2317473107595471 0
1692944280532 1.2302309867724 0
1692944280533 1.228618272292262 0
1692944280534 1.2274316564093715 0
1692944280534 1.2259802969207363 0
1692944280535 1.224728879817146 0
1692944280536 1.2233538730759124 0
1692944280537 1.2221138688961934 0
1692944280537 1.2208538684472927 0
1692944280538 1.2196855886448321 0
1692944280539 1.2189933729147144 0
1692944280540 1.217895074425541 0
1692944280540 1.2161950873786915 0
1692944280541 1.2152004945240467 0
1692944280542 1.2145340780765197 0
1692944280543 1.2130344015808698 0
1692944280543 1.211579896120004 0
1692944280544 1.2105190828739623 0
1692944280545 1.2096207577753035 0
1692944280546 1.2085532310115865 0
1692944280546 1.2079612603593621 0
1692944280547 1.2070763465344894 0
1692944280548 1.2061351221631957 0
1692944280549 1.2056049386028056 0
1692944280550 1.2045648247510783 0
1692944280551 1.2032523596249853 0
1692944280552 1.2027750043322438 0
1692944280552 1.2021208354477073 0
1692944280553 1.2011322397878794 0
1692944280554 1.2002360081778656 0
1692944280555 1.1993746641917793 0
1692944280555 1.1983910376480948 0
