1692944394364 1.7747017062078099 0
1692944394365 1.6725775206006748 0
1692944394366 1.5853285835628765 0
1692944394367 1.513559837624004 0
1692944394368 1.452909332879078 0
1692944394368 1.3964047232822911 0
1692944394369 1.3495337033606027 0
1692944394371 1.3089307084737118 0
1692944394372 1.2741153848162814 0
1692944394374 1.2442174582230516 0
1692944394376 1.2202602800747337 0
1692944394378 1.1997813711160998 0
1692944394379 1.1802925410723133 0
1692944394381 1.1639372864053936 0
1692944394382 1.1502359908587996 0
1692944394382 1.1356138851889561 0
1692944394383 1.122591800120491 0
1692944394384 1.110937407948699 0
1692944394385 1.100034950460596 0
1692944394386 1.088933578351905 0
1692944394387 1.079196257950184 0
1692944394388 1.0702640814837754 0
1692944394388 1.0621763760198755 0
1692944394389 1.05643750849289 0
1692944394390 1.0508625669767375 0
1692944394391 1.0450410920592692 0
1692944394392 1.040703188916849 0
1692944394392 1.0336813744912128 0
1692944394393 1.0259557050790693 0
1692944394394 1.020240569678936 0
1692944394395 1.0165978103464832 0
1692944394396 1.0118076103080604 0
1692944394396 1.0063473090674493 0
1692944394397 1.0005339456714277 0
1692944394398 0.9969019336339675 0
1692944394399 0.9918426534303258 0
1692944394400 0.9871597381576501 0
1692944394401 0.9844372804436328 0
1692944394401 0.9799205597718544 0
1692944394402 0.9764505961301823 0
1692944394403 0.9720998700320073 0
1692944394404 0.9679751885686018 0
1692944394405 0.9635451264424484 0
1692944394405 0.9579794135075207 0
1692944394406 0.9537303963115484 0
1692944394407 0.9483520694551442 0
1692944394408 0.9439279629762809 0
1692944394409 0.9398872474263139 0
1692944394409 0.935398014840354 0
1692944394410 0.932134694581593 0
1692944394411 0.9294079832101924 0
1692944394412 0.9279795800814666 0
1692944394413 0.924346087385097 0
1692944394413 0.9235179677044185 0
1692944394414 0.9206182488608932 0
1692944394415 0.9193645653993374 0
1692944394416 0.9173263451348034 0
1692944394417 0.9117509221497152 0
1692944394418 0.9085828439459545 0
1692944394418 0.9049260680340812 0
1692944394419 0.9019222999188985 0
1692944394420 0.9009994003072292 0
1692944394421 0.8998126900738899 0
1692944394422 0.8969835138439982 0
1692944394422 0.8951776511124067 0
1692944394423 0.8920838357830085 0
1692944394424 0.8895105382135605 0
1692944394425 0.8859093270735042 0
1692944394426 0.8850952856705054 0
1692944394427 0.8814457877921581 0
1692944394427 0.8807474540143101 0
1692944394428 0.8774596508648697 0
1692944394429 0.874690284543854 0
1692944394430 0.8732423908429096 0
1692944394431 0.8728783545187652 0
1692944394431 0.8712046345114117 0
1692944394432 0.866457575361493 0
1692944394433 0.8658493016854741 0
1692944394434 0.86388883284108 0
1692944394435 0.8625273887195927 0
1692944394436 0.8622096780944237 0
1692944394437 0.858683085616072 0
1692944394438 0.8556443981606664 0
1692944394438 0.8552364326998739 0
1692944394439 0.8533752406992723 0
1692944394440 0.8507802684350521 0
1692944394441 0.8481063998351012 0
1692944394442 0.8450843994701875 0
1692944394442 0.8417719332386343 0
1692944394443 0.8388843934276625 0
1692944394444 0.8361739631098589 0
1692944394445 0.835119790792646 0
1692944394446 0.831470083459302 0
1692944394446 0.8306294734874449 0
1692944394447 0.828477664813446 0
1692944394448 0.8258944699283817 0
1692944394449 0.8229822814509735 0
1692944394450 0.8203209428940089 0
1692944394451 0.816243460912392 0
1692944394452 0.8124553483732301 0
