1692944313670 1.8428516205434906 0
1692944313671 1.7891694305403696 0
1692944313672 1.7405324740157213 0
1692944313673 1.6949924264416159 0
1692944313673 1.6503377730687125 0
1692944313674 1.6104946307180728 0
1692944313675 1.5743492639171952 0
1692944313676 1.5404764369812156 0
1692944313677 1.5094496169211642 0
1692944313678 1.4812861411091012 0
1692944313679 1.4559036626657202 0
1692944313680 1.4321817081969448 0
1692944313681 1.4111646087324428 0
1692944313681 1.3915918977182085 0
1692944313682 1.3733758913583816 0
1692944313683 1.3568497163825903 0
1692944313684 1.3409630061289337 0
1692944313685 1.3269438825734237 0
1692944313685 1.3137443140680092 0
1692944313686 1.3017277005360812 0
1692944313687 1.2897210648984065 0
1692944313688 1.2787026341663297 0
1692944313689 1.2688084700851432 0
1692944313689 1.2598282419298639 0
1692944313690 1.2511312621745903 0
1692944313691 1.2431431868340939 0
1692944313692 1.23592799923174 0
1692944313692 1.2286528768855698 0
1692944313693 1.2224155278046605 0
1692944313694 1.2152540514780223 0
1692944313695 1.2094094136226434 0
1692944313696 1.203331126194632 0
1692944313697 1.1982533072637145 0
1692944313697 1.1928998276966498 0
1692944313698 1.1882887412723135 0
1692944313699 1.1826126338247762 0
1692944313700 1.1779124685127969 0
1692944313701 1.1733266252165022 0
1692944313701 1.1696559206984087 0
1692944313702 1.165674114698006 0
1692944313703 1.1622178582328502 0
1692944313704 1.1575783862765243 0
1692944313705 1.1542349136232073 0
1692944313705 1.1509333801018349 0
1692944313706 1.1477573289825402 0
1692944313707 1.1447369416064581 0
1692944313708 1.1413017700126393 0
1692944313708 1.1382083632697855 0
1692944313709 1.1348422334299808 0
1692944313710 1.1316377585457007 0
1692944313711 1.129040856877291 0
1692944313712 1.1263134154504957 0
1692944313712 1.1241755104333975 0
1692944313713 1.120780740338959 0
1692944313714 1.1182114966530554 0
1692944313715 1.1153454772349216 0
1692944313716 1.1128705036416835 0
1692944313716 1.110474292931763 0
1692944313717 1.1080796702075342 0
1692944313718 1.105638524350906 0
1692944313719 1.1039653937339162 0
1692944313719 1.1018530543379355 0
1692944313720 1.100166714198239 0
1692944313721 1.098629859898051 0
1692944313722 1.0967890249926855 0
1692944313723 1.095297819481761 0
1692944313723 1.09423305850539 0
1692944313724 1.0927641949167175 0
1692944313725 1.0909336114158785 0
1692944313726 1.0887557290561514 0
1692944313727 1.0861588300734837 0
1692944313727 1.08378101985997 0
1692944313728 1.0820004149756897 0
1692944313729 1.0795880345787408 0
1692944313730 1.0783956675820328 0
1692944313730 1.0761291509711362 0
1692944313732 1.074978084394893 0
1692944313732 1.0733469221895977 0
1692944313733 1.0727158800496739 0
1692944313734 1.070609219985491 0
1692944313735 1.0694030388806584 0
1692944313736 1.068002242635365 0
1692944313737 1.066130059604311 0
1692944313738 1.0647228018982677 0
1692944313738 1.0625957309085996 0
1692944313739 1.0616904357713832 0
1692944313740 1.060135921648309 0
1692944313741 1.0586744048877845 0
1692944313742 1.0578301407141975 0
1692944313743 1.0560264637628332 0
1692944313743 1.0539805102911728 0
1692944313744 1.0532708777287405 0
1692944313745 1.0515962365865619 0
1692944313746 1.0506764526453205 0
1692944313747 1.0492116885107765 0
1692944313747 1.046882320925753 0
1692944313748 1.0458385433952775 0
1692944313749 1.0445894382079763 0
1692944313750 1.0437689663555285 0
1692944313750 1.0424145217585756 0
