1692944346867 1.8097585189392227 0
1692944346868 1.7442205514012834 0
1692944346869 1.6740542085571535 0
1692944346870 1.62401073912922 0
1692944346870 1.5788667629171698 0
1692944346871 1.5381807907514407 0
1692944346872 1.5013488473124452 0
1692944346873 1.4688209466178184 0
1692944346874 1.440959730689634 0
1692944346875 1.4180094744214855 0
1692944346876 1.3986179849905054 0
1692944346877 1.3821414556427212 0
1692944346877 1.3655791433117985 0
1692944346878 1.3529373255899921 0
1692944346879 1.3424154935369483 0
1692944346880 1.3301794574982615 0
1692944346881 1.3197744963484117 0
1692944346881 1.310189366511239 0
1692944346882 1.3028260639887215 0
1692944346883 1.2956312343902987 0
1692944346884 1.2888585688778225 0
1692944346885 1.2833696730250492 0
1692944346885 1.278335172744552 0
1692944346886 1.2728714364435065 0
1692944346887 1.266807849300593 0
1692944346888 1.2624235047414087 0
1692944346889 1.258227778663142 0
1692944346891 1.2535680313014983 0
1692944346892 1.2490652144285677 0
1692944346893 1.2462536343303938 0
1692944346895 1.2420615733136424 0
1692944346897 1.2379289636629685 0
1692944346898 1.2355149676075465 0
1692944346899 1.2326069319823685 0
1692944346900 1.229471477632227 0
1692944346902 1.2272013741430898 0
1692944346903 1.224852948403493 0
1692944346904 1.222354158464577 0
1692944346905 1.220900492352035 0
1692944346906 1.218670020192339 0
1692944346906 1.2153202142495634 0
1692944346907 1.2140979364696032 0
1692944346908 1.212087150373778 0
1692944346909 1.2104398826390979 0
1692944346910 1.2094910007879889 0
1692944346910 1.2073423439183641 0
1692944346911 1.2052685562924221 0
1692944346912 1.2040368036223514 0
1692944346913 1.2025803994755868 0
1692944346914 1.2016908945744105 0
1692944346914 1.2003704998530378 0
1692944346915 1.1988572137870375 0
1692944346916 1.1980917324360825 0
1692944346917 1.1967661678175945 0
1692944346918 1.1942706184533571 0
1692944346918 1.1930638202197097 0
1692944346919 1.191515078097578 0
1692944346920 1.190804986281222 0
1692944346921 1.189981168703209 0
1692944346922 1.1886465391538141 0
1692944346922 1.1880896778458234 0
1692944346923 1.186444375788755 0
1692944346924 1.1851716361905391 0
1692944346925 1.1841659348836846 0
1692944346926 1.1826136184325204 0
1692944346927 1.1811084771212301 0
1692944346928 1.1806329049977675 0
1692944346929 1.180088389687948 0
1692944346929 1.1786225894120244 0
1692944346930 1.1782261033270154 0
1692944346931 1.177795885042733 0
1692944346932 1.1769672159140103 0
1692944346933 1.1758884101764615 0
1692944346934 1.175441888064362 0
1692944346934 1.1741752658068922 0
1692944346935 1.1731224376101193 0
1692944346936 1.1721835902756252 0
1692944346937 1.1711741434581686 0
1692944346938 1.1709134903525125 0
1692944346939 1.1699083015541316 0
1692944346940 1.1694729739978085 0
1692944346941 1.1680861081937541 0
1692944346941 1.1677633200245776 0
1692944346942 1.1669485095653418 0
1692944346943 1.166337043784355 0
1692944346944 1.1660361467319142 0
1692944346945 1.1650012062259307 0
1692944346945 1.1640521798413868 0
1692944346946 1.1633368016523338 0
1692944346947 1.1628891044152587 0
1692944346948 1.1621227916306778 0
1692944346949 1.1615994259863371 0
1692944346949 1.160617860114529 0
1692944346950 1.1596567677731953 0
1692944346951 1.1594245274174109 0
1692944346952 1.1584499083887339 0
1692944346953 1.1582921878131718 0
1692944346953 1.1574045027187425 0
1692944346954 1.1572110486126725 0
1692944346955 1.1564108490979557 0
