1692944283864 1.8569184306413309 0
1692944283865 1.8203390969048192 0
1692944283866 1.7776006908048865 0
1692944283866 1.741219649861066 0
1692944283867 1.7057168843913546 0
1692944283868 1.6734938078320958 0
1692944283869 1.6461450758139113 0
1692944283870 1.6179250610637346 0
1692944283872 1.593497617807335 0
1692944283873 1.572037193445334 0
1692944283874 1.5503414108505198 0
1692944283876 1.5307461914301672 0
1692944283877 1.51230522829157 0
1692944283878 1.494701752597944 0
1692944283879 1.48246368870118 0
1692944283880 1.468356643826365 0
1692944283881 1.4548683108730482 0
1692944283882 1.4427783610183327 0
1692944283884 1.431246434334729 0
1692944283885 1.4203737540566366 0
1692944283886 1.4101910485066684 0
1692944283887 1.4005858812774523 0
1692944283887 1.391939618072946 0
1692944283888 1.3839076894796416 0
1692944283889 1.3757684847276654 0
1692944283890 1.3690402194446076 0
1692944283891 1.3620963456935786 0
1692944283891 1.3551066709535189 0
1692944283892 1.3486686596016157 0
1692944283893 1.3427259823898188 0
1692944283894 1.3366689491571746 0
1692944283894 1.330834646827542 0
1692944283895 1.3259755928243504 0
1692944283896 1.3215408606333534 0
1692944283897 1.316992303569739 0
1692944283898 1.3126926744972665 0
1692944283898 1.3083304763420691 0
1692944283899 1.3039061464541004 0
1692944283900 1.2997275374905786 0
1692944283901 1.2964492785136856 0
1692944283901 1.293043726248509 0
1692944283902 1.2889959361047167 0
1692944283903 1.285622838028322 0
1692944283904 1.2826412819705368 0
1692944283905 1.27930766033482 0
1692944283905 1.2757004931502454 0
1692944283906 1.2729796773859243 0
1692944283907 1.2703662083496485 0
1692944283908 1.2672103445753815 0
1692944283908 1.2644583148864372 0
1692944283909 1.2622779663377506 0
1692944283910 1.2601499997834884 0
1692944283911 1.2583025045647358 0
1692944283911 1.2566380706049411 0
1692944283912 1.2542045010154974 0
1692944283913 1.2519600604956336 0
1692944283914 1.249920350809787 0
1692944283914 1.2481203376052061 0
1692944283915 1.2462826350583802 0
1692944283916 1.2442600672573716 0
1692944283917 1.2427890179942978 0
1692944283918 1.240868661475648 0
1692944283918 1.239258035419684 0
1692944283919 1.2374650463730092 0
1692944283920 1.2361645749219938 0
1692944283921 1.2346446308385997 0
1692944283921 1.2330008905235812 0
1692944283922 1.2311277020837783 0
1692944283923 1.2300239379036353 0
1692944283924 1.2287914167262768 0
1692944283925 1.2274647222952455 0
1692944283925 1.2261470954291331 0
1692944283926 1.2248924776128658 0
1692944283927 1.223555535187082 0
1692944283928 1.2223718335346998 0
1692944283928 1.2211411261519938 0
1692944283929 1.2201023545582144 0
1692944283930 1.2189236269488677 0
1692944283931 1.2178217119570947 0
1692944283932 1.2167748057358063 0
1692944283932 1.2157393400328789 0
1692944283933 1.2143998531746991 0
1692944283934 1.2134830940436685 0
1692944283935 1.212675963637872 0
1692944283936 1.2119494925235275 0
1692944283937 1.2108276429277587 0
1692944283938 1.2095491691087228 0
1692944283938 1.207969473155382 0
1692944283939 1.2068560795434518 0
1692944283940 1.2060193644899322 0
1692944283941 1.2049865725881697 0
1692944283942 1.2044476554622163 0
1692944283942 1.2033908487800873 0
1692944283943 1.202349352502845 0
1692944283944 1.2017986897891744 0
1692944283945 1.200784327848934 0
1692944283945 1.1998032365828706 0
1692944283946 1.1988965906358586 0
1692944283947 1.1980647508706717 0
1692944283948 1.1975679666519137 0
