1692944360696 1.7920218179757643 0
1692944360697 1.7041441174767753 0
1692944360698 1.6316001646191922 0
1692944360699 1.5719787586391103 0
1692944360700 1.5182904102451031 0
1692944360701 1.4748037870346218 0
1692944360702 1.4385047443050556 0
1692944360703 1.4086505193199605 0
1692944360704 1.3795881188834236 0
1692944360705 1.3556661840712032 0
1692944360705 1.3344431392827234 0
1692944360706 1.3164984711140861 0
1692944360707 1.3014120829087015 0
1692944360708 1.2878361984013837 0
1692944360709 1.2759480094158664 0
1692944360710 1.2647234653121615 0
1692944360711 1.2548955748402029 0
1692944360712 1.246577641170975 0
1692944360712 1.2393259089543638 0
1692944360713 1.2307155678774349 0
1692944360714 1.223725859495805 0
1692944360715 1.2178844983596273 0
1692944360716 1.2126148381554058 0
1692944360716 1.2079831961692806 0
1692944360717 1.2029899692716715 0
1692944360718 1.198026131069499 0
1692944360719 1.192181081162544 0
1692944360719 1.1888693161544253 0
1692944360720 1.1840516233385832 0
1692944360721 1.18111784531256 0
1692944360722 1.1784762706611567 0
1692944360723 1.1755070451215155 0
1692944360723 1.1734923641112875 0
1692944360724 1.171608928474009 0
1692944360725 1.1688775817878923 0
1692944360726 1.167036292124515 0
1692944360727 1.1645049534818597 0
1692944360728 1.1623739416656773 0
1692944360729 1.1599808597657169 0
1692944360730 1.15665195604739 0
1692944360731 1.153355858344812 0
1692944360731 1.1506645661973123 0
1692944360732 1.148899389821153 0
1692944360733 1.1470133288836688 0
1692944360734 1.1445203267020585 0
1692944360735 1.1424668712095842 0
1692944360735 1.1412581657483925 0
1692944360736 1.1401376519808106 0
1692944360737 1.1386707843254011 0
1692944360738 1.1372237888311332 0
1692944360739 1.1359503619361857 0
1692944360739 1.13289815430856 0
1692944360740 1.1305200188470512 0
1692944360741 1.1290965889252038 0
1692944360742 1.1271073830610057 0
1692944360742 1.1250426129573894 0
1692944360743 1.1231993945296954 0
1692944360744 1.122473174003797 0
1692944360745 1.1220096679282987 0
1692944360746 1.1211485440056246 0
1692944360746 1.119311915014156 0
1692944360747 1.1175439263818276 0
1692944360748 1.116564071178525 0
1692944360749 1.1148135662116276 0
1692944360750 1.1144579990962813 0
1692944360750 1.113124311978542 0
1692944360751 1.1114916506709176 0
1692944360752 1.109848075669787 0
1692944360753 1.1094147085067223 0
1692944360754 1.1075010675592116 0
1692944360754 1.105792951106649 0
1692944360755 1.1047725478731638 0
1692944360756 1.1036422926285574 0
1692944360757 1.1024654241341416 0
1692944360759 1.1013063514306782 0
1692944360760 1.0998647761243583 0
1692944360761 1.0995544603582534 0
1692944360762 1.0987643268655547 0
1692944360763 1.0972561732926862 0
1692944360764 1.096009326872948 0
1692944360765 1.0946496213324883 0
1692944360766 1.0934821525336056 0
1692944360767 1.0916967646865205 0
1692944360767 1.090705496290545 0
1692944360768 1.0904595438955256 0
1692944360769 1.0895098758320718 0
1692944360770 1.088260623365276 0
1692944360771 1.087740143488219 0
1692944360772 1.0874904061862811 0
1692944360773 1.0862998698546331 0
1692944360773 1.0845304325009142 0
1692944360774 1.0841651331074327 0
1692944360775 1.0831527997575017 0
1692944360776 1.0823571576279123 0
1692944360777 1.0820452897860602 0
1692944360777 1.079577025675416 0
1692944360778 1.0788264580662985 0
1692944360779 1.0766368026919364 0
1692944360780 1.0762760610385405 0
1692944360780 1.0750469664331141 0
