1692944321146 1.8433420324555703 0
1692944321147 1.7906636643327971 0
1692944321148 1.7447434503967763 0
1692944321149 1.7000731132368325 0
1692944321150 1.6594912327966944 0
1692944321151 1.621822219467568 0
1692944321151 1.5855078329018355 0
1692944321152 1.5546443607409248 0
1692944321153 1.5250365505859118 0
1692944321154 1.4975353562958438 0
1692944321155 1.4708854147343897 0
1692944321157 1.4476634516226905 0
1692944321158 1.425068701408465 0
1692944321159 1.4042336336695198 0
1692944321159 1.3860330317361975 0
1692944321160 1.3686981246857954 0
1692944321161 1.352720321441416 0
1692944321162 1.3374406384268 0
1692944321162 1.3235901976945401 0
1692944321163 1.3103789313798064 0
1692944321164 1.2984156221159622 0
1692944321165 1.2879899136076134 0
1692944321166 1.2778001368527485 0
1692944321167 1.2691502481074532 0
1692944321168 1.2601691820524004 0
1692944321168 1.2515039070830827 0
1692944321169 1.2436888303215476 0
1692944321170 1.2366130251626304 0
1692944321171 1.2296577240978963 0
1692944321172 1.2239921868140045 0
1692944321173 1.2182762542183703 0
1692944321174 1.2125852364526726 0
1692944321174 1.206777526005231 0
1692944321175 1.2003842241032616 0
1692944321176 1.195256102309706 0
1692944321177 1.1905915604626032 0
1692944321177 1.1860623385329296 0
1692944321178 1.1821087428266361 0
1692944321179 1.1775188191537205 0
1692944321180 1.1733971741959202 0
1692944321180 1.1691897237766569 0
1692944321181 1.1651952326627673 0
1692944321182 1.161334862311819 0
1692944321183 1.158206136678832 0
1692944321184 1.1544528091036417 0
1692944321184 1.1519070702231016 0
1692944321185 1.1489293097191378 0
1692944321186 1.1462772238079006 0
1692944321187 1.1442134241277049 0
1692944321188 1.1404756389224948 0
1692944321189 1.137814170914203 0
1692944321189 1.134096415267566 0
1692944321190 1.1312758022395493 0
1692944321191 1.1287989559745761 0
1692944321192 1.1257028543028669 0
1692944321192 1.123109530152863 0
1692944321193 1.1211575965424392 0
1692944321194 1.1189550787328484 0
1692944321195 1.1167662730418781 0
1692944321196 1.1149566166584983 0
1692944321196 1.1131490058230697 0
1692944321197 1.1101562423856783 0
1692944321198 1.1085043558886247 0
1692944321199 1.105989961479148 0
1692944321199 1.1042510285066058 0
1692944321200 1.102180658831628 0
1692944321201 1.100703157846876 0
1692944321202 1.0989476655526822 0
1692944321203 1.0973487031629239 0
1692944321203 1.0953267735169694 0
1692944321204 1.0937654301314894 0
1692944321205 1.0919170767508455 0
1692944321206 1.089704510393784 0
1692944321206 1.0874492204307962 0
1692944321207 1.0865548151176816 0
1692944321208 1.0849439980391677 0
1692944321209 1.0833344161002727 0
1692944321210 1.081423854038609 0
1692944321210 1.080479257309123 0
1692944321211 1.0790154860109693 0
1692944321212 1.0771801642198409 0
1692944321213 1.0750740450623544 0
1692944321215 1.0736355501260868 0
1692944321216 1.0718881755103231 0
1692944321217 1.0701136126700315 0
1692944321218 1.0680355487959414 0
1692944321219 1.0665753637378634 0
1692944321220 1.0650379244889967 0
1692944321221 1.0644738853704043 0
1692944321222 1.0630707210591082 0
1692944321223 1.0612797251298693 0
1692944321223 1.0594316829851032 0
1692944321224 1.0590057302639284 0
1692944321225 1.0572421137869419 0
1692944321226 1.055845776824486 0
1692944321227 1.055333541967693 0
1692944321227 1.0548446111732086 0
1692944321228 1.053781662809479 0
1692944321229 1.0534205142688418 0
1692944321230 1.0530910889036598 0
