1692944375222 1.7862654173259431 0
1692944375223 1.6912741275684968 0
1692944375224 1.6125289854907767 0
1692944375225 1.5473260372058502 0
1692944375226 1.4862863458875217 0
1692944375227 1.4377784304905175 0
1692944375227 1.3959767139372015 0
1692944375228 1.3619067758142345 0
1692944375229 1.3305940018596223 0
1692944375230 1.304686774215269 0
1692944375231 1.2832208270962828 0
1692944375232 1.2646199129978024 0
1692944375233 1.2484232979064664 0
1692944375234 1.2338698198917577 0
1692944375234 1.2212334567227607 0
1692944375235 1.2111862182264008 0
1692944375236 1.1989093944506708 0
1692944375237 1.188784217680211 0
1692944375238 1.180145455000153 0
1692944375238 1.171296238053114 0
1692944375239 1.1642122869885587 0
1692944375240 1.1559480877173995 0
1692944375241 1.150597379664622 0
1692944375242 1.1436068822643144 0
1692944375243 1.1363319763810298 0
1692944375243 1.1312340348652596 0
1692944375244 1.1264160824930078 0
1692944375245 1.1204302072355308 0
1692944375246 1.1159639412522053 0
1692944375247 1.1094646000908197 0
1692944375247 1.1058624833654156 0
1692944375248 1.1022660993375462 0
1692944375249 1.0986482998241187 0
1692944375250 1.095373197502473 0
1692944375251 1.0924804211352062 0
1692944375251 1.0899359922120324 0
1692944375252 1.0870389340613207 0
1692944375253 1.083797262999323 0
1692944375254 1.0815397744462203 0
1692944375255 1.0796212943674506 0
1692944375255 1.0768775482306758 0
1692944375256 1.074986662819238 0
1692944375257 1.0705777916753656 0
1692944375258 1.0684324254431052 0
1692944375259 1.0649914990441196 0
1692944375259 1.0620609168514161 0
1692944375260 1.0606581915884743 0
1692944375261 1.0585942146201968 0
1692944375262 1.0565238544508875 0
1692944375263 1.0546289031594014 0
1692944375263 1.053768504219696 0
1692944375264 1.0514685896490046 0
1692944375265 1.0485632301722618 0
1692944375266 1.0474505798546778 0
1692944375267 1.0450786675124435 0
1692944375267 1.0430129159563644 0
1692944375268 1.042547104682417 0
1692944375269 1.039125013980361 0
1692944375270 1.0385047099751168 0
1692944375271 1.0379168288877503 0
1692944375271 1.0363345023134467 0
1692944375272 1.0338690464979579 0
1692944375273 1.0322213057809415 0
1692944375274 1.0318142157535624 0
1692944375275 1.0283922592920345 0
1692944375275 1.0246959017386146 0
1692944375276 1.0236086842104801 0
1692944375277 1.0230598605945311 0
1692944375278 1.0226603039551492 0
1692944375279 1.0213467605312538 0
1692944375279 1.0206959812526764 0
1692944375280 1.0203517912532944 0
1692944375281 1.0193543945773125 0
1692944375282 1.0190903370559692 0
1692944375283 1.016844327186795 0
1692944375283 1.0136130924532654 0
1692944375284 1.0134077092185345 0
1692944375285 1.010780953374681 0
1692944375286 1.0087918172674593 0
1692944375287 1.0076043873782825 0
1692944375287 1.0056823724061836 0
1692944375288 1.0045748554178742 0
1692944375289 1.0022231711086602 0
1692944375290 1.0004720954095325 0
1692944375291 1.0000966532587765 0
1692944375292 0.9982414850911655 0
1692944375292 0.995856621813026 0
1692944375293 0.9939646682429346 0
1692944375294 0.9906309688233124 0
1692944375295 0.9893287232460923 0
1692944375296 0.9886736256300175 0
1692944375297 0.9873803583613437 0
1692944375298 0.9856168242660864 0
1692944375299 0.9847116331152979 0
1692944375299 0.9842634460715168 0
1692944375300 0.9841058893857083 0
1692944375301 0.9825769250487055 0
1692944375302 0.9822068500221917 0
1692944375303 0.980028117099309 0
1692944375304 0.979918042023011 0
