1692944386915 1.772928546346576 0
1692944386916 1.6673742486864265 0
1692944386916 1.5798241580990844 0
1692944386917 1.5065844413311225 0
1692944386918 1.4397458996328205 0
1692944386919 1.3855994347671239 0
1692944386920 1.3395587715989146 0
1692944386921 1.300928504653186 0
1692944386923 1.2659262267605436 0
1692944386925 1.2355736232008057 0
1692944386927 1.210335997846489 0
1692944386928 1.1886208564382426 0
1692944386930 1.1693660292953445 0
1692944386931 1.153475190861717 0
1692944386932 1.1388712407274735 0
1692944386933 1.1240266823999663 0
1692944386934 1.113996765133486 0
1692944386935 1.100225297561491 0
1692944386936 1.089932248176914 0
1692944386937 1.080703964320209 0
1692944386937 1.0741111166853825 0
1692944386938 1.0649348867947437 0
1692944386939 1.0572403445920455 0
1692944386940 1.0500301677211252 0
1692944386941 1.0429042754473576 0
1692944386942 1.03493295074303 0
1692944386942 1.027662056774051 0
1692944386943 1.0226526317584297 0
1692944386944 1.018705147692448 0
1692944386945 1.0148377587438508 0
1692944386946 1.0085370903934756 0
1692944386947 1.0037657087835858 0
1692944386947 0.9969407813017649 0
1692944386948 0.9914306989427204 0
1692944386949 0.9860745780138801 0
1692944386950 0.9812500370302258 0
1692944386951 0.9755700871044937 0
1692944386951 0.9713361038298072 0
1692944386952 0.9667315312163274 0
1692944386953 0.9608573522589696 0
1692944386954 0.956071249577462 0
1692944386955 0.9527461348946518 0
1692944386956 0.9468945631451534 0
1692944386957 0.9455245475655417 0
1692944386957 0.9405162022326773 0
1692944386958 0.9387199382809809 0
1692944386959 0.9355974391313372 0
1692944386960 0.9312928249462776 0
1692944386961 0.9271963857025588 0
1692944386961 0.921530121151722 0
1692944386962 0.9159966944426625 0
1692944386963 0.9129000122088552 0
1692944386964 0.9073766860176666 0
1692944386965 0.9022309925596471 0
1692944386966 0.8974652493388188 0
1692944386966 0.89651353508358 0
1692944386967 0.8959397486668296 0
1692944386968 0.8953981280331704 0
1692944386969 0.894872277140173 0
1692944386970 0.8918882848458742 0
1692944386971 0.8913382070305734 0
1692944386972 0.8880353729202115 0
1692944386973 0.8856679331738948 0
1692944386973 0.8831769321599984 0
1692944386974 0.8824279193967892 0
1692944386975 0.8783541634222832 0
1692944386976 0.8749701712099015 0
1692944386977 0.8744615452024549 0
1692944386978 0.8704778284344513 0
1692944386978 0.8676025077413178 0
1692944386979 0.8661802184527759 0
1692944386980 0.8628930756941766 0
1692944386981 0.8616394587145566 0
1692944386982 0.8581245328083721 0
1692944386982 0.856329073800599 0
1692944386983 0.8532223082804784 0
1692944386984 0.8498264405713724 0
1692944386985 0.8479268628133088 0
1692944386986 0.8467652853681757 0
1692944386987 0.8424008267333084 0
1692944386988 0.8409770473424123 0
1692944386989 0.8403862937632464 0
1692944386990 0.8370288554803015 0
1692944386991 0.8360044080005073 0
1692944386992 0.8357057642409155 0
1692944386992 0.8344064846939396 0
1692944386993 0.8342280359381735 0
1692944386994 0.8303021371166454 0
1692944386995 0.8255544472722266 0
1692944386996 0.8226326374770361 0
1692944386997 0.8198164004523787 0
1692944386997 0.8196402666538555 0
1692944386998 0.8179964384811856 0
1692944386999 0.81696906883358 0
1692944387000 0.8165794785375717 0
1692944387001 0.8163512892206918 0
1692944387001 0.8161324854624559 0
1692944387002 0.8137393686261408 0
1692944387003 0.8119820033982033 0
1692944387004 0.8101816569660588 0
