1692944390602 1.7759733805507572 0
1692944390603 1.6685258967412853 0
1692944390604 1.5795600013611404 0
1692944390605 1.5049366676921594 0
1692944390606 1.4426027083353328 0
1692944390606 1.3875808531807372 0
1692944390607 1.3416353126735248 0
1692944390608 1.3022406578837722 0
1692944390609 1.2706567280181398 0
1692944390610 1.2421540664920192 0
1692944390611 1.2162959866934717 0
1692944390612 1.1941143503595888 0
1692944390613 1.173696920962859 0
1692944390613 1.157276856674359 0
1692944390614 1.1420426452345627 0
1692944390615 1.1288889806011946 0
1692944390616 1.1167030921363927 0
1692944390617 1.104964194328072 0
1692944390618 1.095327326867142 0
1692944390619 1.0860115378927606 0
1692944390620 1.0771862621199453 0
1692944390622 1.0671611034783617 0
1692944390623 1.059318330829993 0
1692944390624 1.053104575595994 0
1692944390625 1.045763683271719 0
1692944390626 1.0394739747129549 0
1692944390628 1.0319476754830241 0
1692944390629 1.0282873030032937 0
1692944390630 1.0222033797557895 0
1692944390632 1.0188513174185465 0
1692944390633 1.0120672368057377 0
1692944390634 1.0087693763990824 0
1692944390635 1.0041537653887347 0
1692944390636 0.9984936224713948 0
1692944390636 0.9912105287200899 0
1692944390637 0.9859057021918423 0
1692944390638 0.9819300938140774 0
1692944390639 0.977685367459603 0
1692944390640 0.973957510611302 0
1692944390641 0.9689165043893748 0
1692944390641 0.9655647879863176 0
1692944390642 0.961546315805204 0
1692944390643 0.9586975265261248 0
1692944390644 0.9553406804670895 0
1692944390645 0.9522687487237633 0
1692944390645 0.9503991909998943 0
1692944390646 0.9488191804606628 0
1692944390647 0.9461459049515468 0
1692944390648 0.9434299500601524 0
1692944390649 0.9423145393091928 0
1692944390650 0.9367689146824307 0
1692944390650 0.9322458687840088 0
1692944390651 0.9277128560487181 0
1692944390652 0.9258027477660038 0
1692944390653 0.9238137880713994 0
1692944390654 0.9223518516448515 0
1692944390654 0.9214321065765759 0
1692944390655 0.9179348637770074 0
1692944390656 0.9171647059740864 0
1692944390657 0.9167423219484507 0
1692944390658 0.9111685412517131 0
1692944390658 0.908496408770328 0
1692944390659 0.908058435435299 0
1692944390660 0.9027907202370455 0
1692944390661 0.8993037974601937 0
1692944390662 0.8959435370569866 0
1692944390662 0.8925880456629638 0
1692944390663 0.8921286532859787 0
1692944390664 0.8872396119296858 0
1692944390665 0.8824424136208538 0
1692944390666 0.8794778524456703 0
1692944390667 0.8761596215250815 0
1692944390667 0.875073731196607 0
1692944390668 0.8718459692256183 0
1692944390669 0.8690828258192859 0
1692944390670 0.8687037459270975 0
1692944390671 0.868487040088039 0
1692944390671 0.8652056164372136 0
1692944390673 0.8629496627381432 0
1692944390674 0.8589668360045337 0
1692944390675 0.8577328152171197 0
1692944390676 0.857524124071021 0
1692944390676 0.8568563020796016 0
1692944390677 0.8534151545378069 0
1692944390678 0.8511317413379487 0
1692944390679 0.8491448423489218 0
1692944390680 0.8469505270612366 0
1692944390681 0.8463991868723096 0
1692944390682 0.843738038971763 0
1692944390682 0.8407183320674058 0
1692944390683 0.8391888597356506 0
1692944390684 0.8367073609170365 0
1692944390685 0.8346892325269581 0
1692944390686 0.8340438832510466 0
1692944390687 0.8320079608573389 0
1692944390687 0.831878421037899 0
1692944390688 0.8272084259591473 0
1692944390689 0.8253769230511689 0
1692944390690 0.8214388393963223 0
1692944390691 0.818020112883659 0
