1692944237733 1.8900737553320415 0
1692944237734 1.8795523375819563 0
1692944237735 1.8692493473166378 0
1692944237736 1.8591326982072842 0
1692944237736 1.8491853519324661 0
1692944237737 1.8392961413820967 0
1692944237738 1.8297206702545556 0
1692944237739 1.8203490914891232 0
1692944237740 1.810430971201385 0
1692944237741 1.8013493401942724 0
1692944237741 1.7923458532789203 0
1692944237742 1.7836769784937034 0
1692944237743 1.7749997217306468 0
1692944237744 1.7659053690251845 0
1692944237744 1.7570152791747908 0
1692944237745 1.7480624984597763 0
1692944237746 1.7392878780809915 0
1692944237747 1.7307075127793619 0
1692944237747 1.722265234137388 0
1692944237748 1.713943593812537 0
1692944237749 1.705827216497791 0
1692944237750 1.697864176699782 0
1692944237750 1.69071804905666 0
1692944237751 1.6829640404340964 0
1692944237752 1.6755787410432936 0
1692944237753 1.6681389783736618 0
1692944237753 1.6610343385029367 0
1692944237754 1.6538168568464808 0
1692944237755 1.6469144364981587 0
1692944237756 1.6399780275601339 0
1692944237756 1.633994810811724 0
1692944237757 1.6273114101703756 0
1692944237758 1.6208288393739285 0
1692944237759 1.6143698290369428 0
1692944237759 1.6085262289974267 0
1692944237760 1.6022871572330484 0
1692944237761 1.596136060405199 0
1692944237762 1.590135652831189 0
1692944237762 1.5841853824769996 0
1692944237763 1.5783173095765353 0
1692944237764 1.5726327499416057 0
1692944237765 1.5673932181095442 0
1692944237765 1.5624447960526988 0
1692944237766 1.5570182583834888 0
1692944237767 1.5516857005639275 0
1692944237767 1.5463625484023025 0
1692944237768 1.5411131065352306 0
1692944237769 1.5359849318449634 0
1692944237770 1.530982153884331 0
1692944237771 1.526293844455489 0
1692944237772 1.521812090284629 0
1692944237772 1.5170989967162194 0
1692944237773 1.5124705243243417 0
1692944237774 1.5079149641209568 0
1692944237775 1.503386150164209 0
1692944237775 1.499203016226126 0
1692944237776 1.4948423204485666 0
1692944237777 1.4905659134095781 0
1692944237777 1.4865838510263283 0
1692944237778 1.4827563049752794 0
1692944237784 1.4789701864817741 0
1692944237785 1.4749889063367814 0
1692944237786 1.4709899650099756 0
1692944237787 1.4670833257884066 0
1692944237788 1.4633100813733644 0
1692944237788 1.4595220588091578 0
1692944237789 1.4558110280840157 0
1692944237790 1.4522071731803239 0
1692944237790 1.4486305249971578 0
1692944237791 1.4453429767744839 0
1692944237792 1.4418370387720516 0
1692944237793 1.4384428790078263 0
1692944237793 1.4351441637070703 0
1692944237794 1.431792227273493 0
1692944237795 1.4286098143063664 0
1692944237796 1.4254255894112695 0
1692944237797 1.4223435329982301 0
1692944237797 1.4192045226110388 0
1692944237798 1.4162058463064253 0
1692944237799 1.413238637979536 0
1692944237800 1.41030969273596 0
1692944237800 1.4073946036074203 0
1692944237801 1.4046084589734062 0
1692944237802 1.4018585613444179 0
1692944237803 1.3991370605048064 0
1692944237803 1.3963695416796058 0
1692944237804 1.3937240945194984 0
1692944237805 1.3910528060997576 0
1692944237806 1.388445238014998 0
1692944237807 1.3859324824445676 0
1692944237807 1.3834600343558074 0
1692944237808 1.3809316853619225 0
1692944237809 1.378633500229207 0
1692944237810 1.376266224968715 0
1692944237810 1.3739007007759372 0
1692944237811 1.3716023888264839 0
1692944237812 1.369357259545408 0
1692944237813 1.367133817242522 0
1692944237813 1.3649396038958648 0
1692944237814 1.362697533358565 0
