1692944363867 1.799215789283326 0
1692944363868 1.7081753336006287 0
1692944363869 1.633025764689589 0
1692944363870 1.573282796664862 0
1692944363871 1.5194542076877002 0
1692944363871 1.475647465394879 0
1692944363872 1.4376764919569422 0
1692944363876 1.4058526225788701 0
1692944363878 1.3793831538502834 0
1692944363879 1.3565150037267175 0
1692944363880 1.335768549283164 0
1692944363882 1.3193480636085364 0
1692944363883 1.304420108819966 0
1692944363885 1.2916255086009842 0
1692944363886 1.2811129836434865 0
1692944363887 1.2700454126324834 0
1692944363888 1.2602589097925918 0
1692944363889 1.2515422249529127 0
1692944363889 1.2441009968632044 0
1692944363890 1.2374834006617268 0
1692944363891 1.2306350319503248 0
1692944363892 1.2259561373829706 0
1692944363893 1.2214655112635429 0
1692944363893 1.217412526710848 0
1692944363894 1.2129196106713716 0
1692944363895 1.2083572925410815 0
1692944363896 1.204350499805723 0
1692944363897 1.1997977295598365 0
1692944363897 1.1958567046553177 0
1692944363898 1.1929400588306434 0
1692944363899 1.1894411493935941 0
1692944363900 1.185965332466963 0
1692944363901 1.1830020327128463 0
1692944363902 1.1805878395173088 0
1692944363902 1.176491345657961 0
1692944363903 1.1744042727220905 0
1692944363904 1.1714060554388204 0
1692944363905 1.1695584914772386 0
1692944363906 1.1678749853234938 0
1692944363906 1.1640086751944618 0
1692944363907 1.1605077053591855 0
1692944363908 1.1575505707442126 0
1692944363909 1.1555259775285123 0
1692944363910 1.1532836645122073 0
1692944363910 1.1508391767922006 0
1692944363911 1.1499507909798934 0
1692944363912 1.1475305864751024 0
1692944363913 1.146301983407037 0
1692944363914 1.1441169600425725 0
1692944363914 1.142003428196075 0
1692944363915 1.1410577618856688 0
1692944363916 1.1396648728122774 0
1692944363917 1.1381787726199109 0
1692944363918 1.1364553693396287 0
1692944363919 1.1343927644849316 0
1692944363919 1.133727258338563 0
1692944363920 1.132975523552778 0
1692944363921 1.1320118064687608 0
1692944363922 1.131299338866844 0
1692944363923 1.130006447528188 0
1692944363923 1.1279521338642675 0
1692944363924 1.127265901876763 0
1692944363925 1.125662972394939 0
1692944363926 1.125084301601255 0
1692944363927 1.1239782473997795 0
1692944363927 1.1217566492067244 0
1692944363928 1.1189919031960343 0
1692944363929 1.1185370133892363 0
1692944363930 1.1177737319042376 0
1692944363931 1.1166037125759047 0
1692944363931 1.1157096806703384 0
1692944363932 1.1135190180228387 0
1692944363933 1.1122646276223567 0
1692944363934 1.1119125537977352 0
1692944363935 1.1103407164953762 0
1692944363935 1.108649649620733 0
1692944363936 1.1071577010165878 0
1692944363937 1.105306964789745 0
1692944363938 1.103319740047271 0
1692944363939 1.1026071640362989 0
1692944363940 1.1019988443896391 0
1692944363941 1.101026394091864 0
1692944363942 1.100605278496475 0
1692944363942 1.0998974741397243 0
1692944363943 1.0987783530603947 0
1692944363944 1.0972940465134347 0
1692944363945 1.0949275444960191 0
1692944363946 1.0928122786362198 0
1692944363946 1.0917717221629855 0
1692944363947 1.090387929184957 0
1692944363948 1.0892914147794839 0
1692944363949 1.0889026055477569 0
1692944363950 1.0876680420654308 0
1692944363950 1.0855961115782817 0
1692944363951 1.0852366879768833 0
1692944363952 1.082677860762358 0
1692944363953 1.081918070428913 0
1692944363954 1.0812197527591354 0
1692944363954 1.0807108933960703 0
1692944363955 1.0794888746774904 0
