1692944297311 1.8481983526461874 0
1692944297313 1.8005281573127827 0
1692944297315 1.7562300688609218 0
1692944297317 1.7122396703348879 0
1692944297319 1.672395079920017 0
1692944297320 1.6363037184363018 0
1692944297333 1.603566021954487 0
1692944297334 1.5732700600493796 0
1692944297335 1.5453456870928397 0
1692944297337 1.5200997319474225 0
1692944297341 1.4984873667224905 0
1692944297343 1.4767142175056494 0
1692944297349 1.4574760436969187 0
1692944297351 1.4392846778379325 0
1692944297352 1.4229402556760016 0
1692944297353 1.4079815686901502 0
1692944297355 1.3937239538915172 0
1692944297356 1.3807797513614697 0
1692944297358 1.3686054728778185 0
1692944297359 1.3579797661209971 0
1692944297360 1.3470388345683848 0
1692944297362 1.3370480384326633 0
1692944297363 1.3278858793232604 0
1692944297364 1.3194964705326648 0
1692944297366 1.3116403318955658 0
1692944297367 1.3040301155818455 0
1692944297368 1.2971662715457875 0
1692944297371 1.290698048025991 0
1692944297372 1.2843900752975719 0
1692944297374 1.2789929197702743 0
1692944297376 1.2729886834997342 0
1692944297377 1.2674514528689893 0
1692944297379 1.2622089294447552 0
1692944297380 1.2578209179156745 0
1692944297381 1.253524140826068 0
1692944297383 1.2493306260158128 0
1692944297384 1.245503943509161 0
1692944297385 1.2415936236857366 0
1692944297388 1.2380251910655102 0
1692944297389 1.2347513265019405 0
1692944297391 1.2314066230185154 0
1692944297392 1.22792950854989 0
1692944297393 1.2251879458404469 0
1692944297395 1.221615842484393 0
1692944297396 1.2182758537431562 0
1692944297397 1.215242847415482 0
1692944297399 1.212509933151894 0
1692944297400 1.2096995032566056 0
1692944297402 1.2073452422274664 0
1692944297403 1.2046461827173203 0
1692944297404 1.2020605913111568 0
1692944297406 1.2002558490613315 0
1692944297407 1.1978425447496133 0
1692944297409 1.195367027662792 0
1692944297410 1.1935527235110226 0
1692944297411 1.1920201189119017 0
1692944297413 1.1906822356432933 0
1692944297414 1.1888145397242813 0
1692944297416 1.1869056458303964 0
1692944297417 1.1847315314333913 0
1692944297418 1.1827113709460109 0
1692944297420 1.1809502853949876 0
1692944297421 1.1790993311106195 0
1692944297424 1.1767739237210355 0
1692944297435 1.1749824895707488 0
1692944297436 1.17360377123252 0
1692944297438 1.1717087174619012 0
1692944297448 1.1706608403535352 0
1692944297452 1.1696468591585027 0
1692944297454 1.168733911325728 0
1692944297455 1.16683006941894 0
1692944297460 1.1654517992328874 0
1692944297462 1.164648038762041 0
1692944297463 1.162732659037304 0
1692944297466 1.1614961529925216 0
1692944297481 1.1598190773924553 0
1692944297482 1.158937717707401 0
1692944297484 1.1581800062825491 0
1692944297489 1.1568794482907396 0
1692944297497 1.1555809968133097 0
1692944297499 1.1544616266765508 0
1692944297500 1.1530738165303813 0
1692944297505 1.1515803637501665 0
1692944297506 1.1508772257627617 0
1692944297510 1.1499280543535897 0
1692944297513 1.1490780962175464 0
1692944297519 1.1477466539028915 0
1692944297520 1.1469774595099367 0
1692944297521 1.1459269539129155 0
1692944297522 1.1450379774370663 0
1692944297524 1.1440894113626427 0
1692944297525 1.1422079166906143 0
1692944297526 1.1413846981156113 0
1692944297527 1.1406301843054238 0
1692944297528 1.1397306901315853 0
1692944297530 1.1383489872213064 0
1692944297531 1.1375597101250428 0
1692944297532 1.1358682434449094 0
1692944297533 1.1349241112953616 0
1692944297534 1.134159557662025 0
