1692944224250 1.891582516714274 0
1692944224251 1.8822446694404604 0
1692944224252 1.87309574492004 0
1692944224253 1.8641408819637926 0
1692944224254 1.8553016950928003 0
1692944224258 1.8466396658179876 0
1692944224259 1.8381402137987572 0
1692944224260 1.8298852056692463 0
1692944224261 1.8216995249002006 0
1692944224261 1.8139516854186755 0
1692944224262 1.805537367377238 0
1692944224263 1.7980633258363063 0
1692944224263 1.7904614378176742 0
1692944224264 1.7830024806951703 0
1692944224265 1.7754480201280203 0
1692944224266 1.767715164688363 0
1692944224267 1.759988808572925 0
1692944224267 1.7538247494015766 0
1692944224268 1.7463500324901768 0
1692944224269 1.739039962601672 0
1692944224270 1.7327035576885843 0
1692944224270 1.726198457358746 0
1692944224271 1.719231357464834 0
1692944224272 1.7124006162251828 0
1692944224273 1.7069313612974721 0
1692944224273 1.7003222689903035 0
1692944224274 1.6941527826274525 0
1692944224275 1.688288154366534 0
1692944224275 1.6820271908158169 0
1692944224276 1.6758903456271133 0
1692944224277 1.670948269053972 0
1692944224278 1.6650263934521132 0
1692944224278 1.659194151669646 0
1692944224279 1.6532184713373386 0
1692944224280 1.648502979704186 0
1692944224281 1.643540791172517 0
1692944224281 1.637976939743257 0
1692944224282 1.6325551623707426 0
1692944224283 1.6270374104424847 0
1692944224284 1.622147976481076 0
1692944224284 1.6169173074432244 0
1692944224285 1.6116704535165693 0
1692944224286 1.6066956087766207 0
1692944224287 1.6018658767312641 0
1692944224287 1.5973899980074462 0
1692944224288 1.5924764101481836 0
1692944224289 1.5881077181624255 0
1692944224289 1.5835216206528426 0
1692944224290 1.5788584945013657 0
1692944224291 1.5745914081123735 0
1692944224292 1.5702222248536346 0
1692944224292 1.566219272011547 0
1692944224293 1.5620797684229053 0
1692944224294 1.5578900455476015 0
1692944224295 1.553846699011056 0
1692944224295 1.5500433380888954 0
1692944224296 1.5468854612858274 0
1692944224297 1.5428185743472227 0
1692944224298 1.5389709391240594 0
1692944224298 1.5351541832032267 0
1692944224299 1.5317173875434185 0
1692944224300 1.5279183201614526 0
1692944224301 1.5242140010687626 0
1692944224301 1.521227081763241 0
1692944224302 1.5177575641328362 0
1692944224303 1.5144780322587237 0
1692944224303 1.510957678573262 0
1692944224304 1.507531076197214 0
1692944224305 1.5044016360351766 0
1692944224306 1.5013287259024497 0
1692944224306 1.4979950679093184 0
1692944224307 1.4948955479747905 0
1692944224308 1.4917094951803043 0
1692944224309 1.488727677993524 0
1692944224309 1.4859360105712043 0
1692944224310 1.4830032628804841 0
1692944224311 1.4802330054093005 0
1692944224312 1.4772231794606896 0
1692944224312 1.4742732490484565 0
1692944224313 1.4715537850318825 0
1692944224314 1.4687336978288958 0
1692944224315 1.4661684924740939 0
1692944224315 1.4635838318686196 0
1692944224316 1.4608845277188005 0
1692944224317 1.4582873246582546 0
1692944224318 1.4556483467942571 0
1692944224318 1.4532200906641675 0
1692944224319 1.4506190264985912 0
1692944224320 1.4482395311683474 0
1692944224321 1.445925351860201 0
1692944224322 1.4436159222922085 0
1692944224323 1.4412154587614123 0
1692944224323 1.4388370562048647 0
1692944224324 1.4366798511192247 0
1692944224325 1.434597165470855 0
1692944224326 1.4324499757808882 0
1692944224326 1.430175874203722 0
1692944224327 1.4281096879071522 0
1692944224328 1.4260277006730926 0
1692944224328 1.424043398250306 0
