1692944286807 1.8532446867393544 0
1692944286808 1.8101097826884884 0
1692944286809 1.7723556394288713 0
1692944286809 1.7391166050886648 0
1692944286810 1.7119187542340781 0
1692944286811 1.6846995172491162 0
1692944286812 1.6550504813349054 0
1692944286813 1.627213476526622 0
1692944286813 1.6026268286487892 0
1692944286814 1.5805379119089764 0
1692944286815 1.5580969472886883 0
1692944286816 1.5369654992607122 0
1692944286817 1.519777854188565 0
1692944286818 1.5033190456812593 0
1692944286818 1.4884551799351957 0
1692944286819 1.4736540291311928 0
1692944286820 1.4607875987617776 0
1692944286821 1.4487589949334472 0
1692944286821 1.437963985090191 0
1692944286822 1.4269773917287745 0
1692944286823 1.4172066638811451 0
1692944286824 1.4072828575980911 0
1692944286825 1.3981104948323158 0
1692944286825 1.3887091253683317 0
1692944286826 1.3801102046244411 0
1692944286827 1.3726439017498153 0
1692944286828 1.3653611283322848 0
1692944286828 1.3590703279516494 0
1692944286829 1.352546534889816 0
1692944286830 1.3472944339026278 0
1692944286831 1.3416637324465728 0
1692944286831 1.3361618026673763 0
1692944286832 1.3306829980786798 0
1692944286833 1.3256204099403484 0
1692944286834 1.3208969845134244 0
1692944286834 1.3165651995254173 0
1692944286835 1.3122188769206047 0
1692944286836 1.3080956428258361 0
1692944286837 1.3042554657823444 0
1692944286838 1.300495601811803 0
1692944286838 1.2972780216616555 0
1692944286839 1.294020489866631 0
1692944286840 1.2908499699958724 0
1692944286841 1.2883158178992782 0
1692944286841 1.2846594214862634 0
1692944286842 1.2816073911048727 0
1692944286843 1.2795109899077464 0
1692944286844 1.2765327870814176 0
1692944286845 1.2739082483119162 0
1692944286845 1.270907365679806 0
1692944286846 1.2680298737917295 0
1692944286847 1.2655537099391097 0
1692944286848 1.2635775706714478 0
1692944286848 1.2614444053443965 0
1692944286849 1.259026253823731 0
1692944286850 1.2573977392618534 0
1692944286851 1.255399602153525 0
1692944286851 1.2536833215381744 0
1692944286852 1.251873713932058 0
1692944286853 1.2496904244620377 0
1692944286854 1.2478725238186703 0
1692944286855 1.2462782213285137 0
1692944286855 1.244480816729002 0
1692944286856 1.2423888668432332 0
1692944286857 1.240951528946732 0
1692944286858 1.2393797885444893 0
1692944286858 1.2377803613873983 0
1692944286859 1.2361957782456157 0
1692944286860 1.2347205832417782 0
1692944286861 1.2331134742955314 0
1692944286861 1.2321467319213637 0
1692944286862 1.230705087946929 0
1692944286863 1.229247760188521 0
1692944286864 1.2281162094259923 0
1692944286865 1.227122592899779 0
1692944286865 1.2260266333915952 0
1692944286866 1.2249609151694947 0
1692944286867 1.224096004938037 0
1692944286868 1.2226825812653455 0
1692944286868 1.2216692153953586 0
1692944286869 1.220639655496111 0
1692944286870 1.2197110127195836 0
1692944286871 1.2185755451662943 0
1692944286872 1.2178119910802232 0
1692944286873 1.2169211897332042 0
1692944286874 1.2157719254242663 0
1692944286875 1.2148267310518799 0
1692944286877 1.2139138989209317 0
1692944286878 1.2130441633126399 0
1692944286879 1.2120982836760277 0
1692944286880 1.2114931399156796 0
1692944286881 1.2108574257661326 0
1692944286882 1.2098977113981668 0
1692944286883 1.2090856104361014 0
1692944286884 1.2083398548552995 0
1692944286885 1.2074412635753595 0
1692944286886 1.2066813408750847 0
1692944286887 1.2061092732321241 0
1692944286888 1.2053380628017174 0
1692944286889 1.2048772493269457 0
