1692944343522 1.8100099354350982 0
1692944343524 1.7378142351370713 0
1692944343529 1.670906528231655 0
1692944343531 1.6137981260679541 0
1692944343532 1.563262575791998 0
1692944343533 1.5243386127291028 0
1692944343534 1.4910557026220088 0
1692944343535 1.4615980714714525 0
1692944343537 1.4363858094439677 0
1692944343538 1.4121241690885915 0
1692944343539 1.393571774172252 0
1692944343541 1.37647132167584 0
1692944343542 1.3616956475434057 0
1692944343543 1.3487658846836346 0
1692944343544 1.3372520856586383 0
1692944343545 1.3258175866731197 0
1692944343546 1.3164639704556595 0
1692944343548 1.3077643980847613 0
1692944343549 1.2997818339149485 0
1692944343550 1.2922026095535395 0
1692944343551 1.285162647584733 0
1692944343553 1.279112116571951 0
1692944343554 1.2719253525991665 0
1692944343560 1.2665870569966577 0
1692944343566 1.2618516747802682 0
1692944343568 1.2562251105305289 0
1692944343569 1.2523134996245575 0
1692944343571 1.2484958511771416 0
1692944343574 1.2452658837882622 0
1692944343576 1.2413006656201906 0
1692944343577 1.237323955981956 0
1692944343579 1.2348170155375353 0
1692944343580 1.232073848504074 0
1692944343582 1.2295156447771798 0
1692944343583 1.2268892972129148 0
1692944343584 1.2239832994810076 0
1692944343586 1.221949839121926 0
1692944343587 1.2187119929277912 0
1692944343589 1.217099405914986 0
1692944343590 1.2147902652730902 0
1692944343592 1.2126359691601356 0
1692944343594 1.2107101385645946 0
1692944343595 1.2089333451816784 0
1692944343597 1.2063614236633116 0
1692944343598 1.2041971238020581 0
1692944343599 1.2028361898396283 0
1692944343600 1.20088147529675 0
1692944343601 1.1992137848173248 0
1692944343602 1.1975276880395427 0
1692944343602 1.1964595913237204 0
1692944343603 1.1945817149519373 0
1692944343604 1.1928396301591195 0
1692944343605 1.1913040124933056 0
1692944343606 1.1894566805504736 0
1692944343606 1.18855622125271 0
1692944343607 1.187620676410716 0
1692944343608 1.186346106971773 0
1692944343609 1.1850934780522946 0
1692944343610 1.1843729038721649 0
1692944343610 1.1831101503149515 0
1692944343611 1.181921474715328 0
1692944343612 1.181385101326568 0
1692944343613 1.1802980533464107 0
1692944343614 1.1798725617320531 0
1692944343614 1.1794029628077682 0
1692944343615 1.1781137238230712 0
1692944343616 1.1769490567057892 0
1692944343617 1.176607303341231 0
1692944343618 1.175470689267109 0
1692944343618 1.17440485245942 0
1692944343619 1.1737865113599337 0
1692944343621 1.1727657245509864 0
1692944343622 1.1724148764346218 0
1692944343623 1.1719538720834166 0
1692944343625 1.1709102246861018 0
1692944343626 1.1703898850368295 0
1692944343627 1.1693957418930419 0
1692944343628 1.1688807582429952 0
1692944343630 1.1682431954484107 0
1692944343631 1.1670850044052214 0
1692944343632 1.1656638127020078 0
1692944343634 1.1647505730635466 0
1692944343635 1.1639661994633574 0
1692944343636 1.1629697376735246 0
1692944343637 1.1622514724553468 0
1692944343638 1.16135700042093 0
1692944343640 1.1606324050677286 0
1692944343641 1.160285501198444 0
1692944343642 1.1595013919357322 0
1692944343643 1.159149095931189 0
1692944343645 1.1582314432363119 0
1692944343646 1.157248322782024 0
1692944343647 1.156458356390195 0
1692944343649 1.1558382838991077 0
1692944343650 1.1552817918298697 0
1692944343651 1.155094516440177 0
1692944343653 1.1544445799825322 0
1692944343654 1.153720307200275 0
1692944343655 1.1532422048325492 0
1692944343656 1.152257192057992 0
