1692944227443 1.891425092630837 0
1692944227444 1.882404660047903 0
1692944227445 1.87354466698061 0
1692944227446 1.8657246311804219 0
1692944227446 1.8569725846192258 0
1692944227447 1.848564681700154 0
1692944227448 1.8400432837336622 0
1692944227449 1.8316533834476598 0
1692944227450 1.823419314192925 0
1692944227451 1.8153530849348263 0
1692944227451 1.8075161725854088 0
1692944227452 1.8006554857262218 0
1692944227453 1.7933648002292855 0
1692944227454 1.7853441269022334 0
1692944227454 1.7779649011363945 0
1692944227455 1.7701029965050916 0
1692944227456 1.7627737052739767 0
1692944227457 1.7557716428870147 0
1692944227457 1.748702367357133 0
1692944227458 1.7412902933863708 0
1692944227459 1.7346599681095913 0
1692944227460 1.7277658157895888 0
1692944227461 1.7217174717729293 0
1692944227461 1.715671701558248 0
1692944227462 1.7102309059090008 0
1692944227463 1.7036223608662013 0
1692944227464 1.6974968569630573 0
1692944227464 1.6910179005343584 0
1692944227465 1.6858903840170498 0
1692944227466 1.6797232167231528 0
1692944227467 1.673766263665221 0
1692944227467 1.66789929560774 0
1692944227468 1.6619523399729343 0
1692944227469 1.6575912360963547 0
1692944227469 1.6520879805158555 0
1692944227470 1.6465612594751144 0
1692944227471 1.6412606267459808 0
1692944227472 1.6359585259482687 0
1692944227472 1.630551250315457 0
1692944227473 1.6254522487322032 0
1692944227474 1.6206777633482377 0
1692944227475 1.6155567109391917 0
1692944227475 1.6111076133640012 0
1692944227476 1.606717716008176 0
1692944227477 1.601623259105959 0
1692944227478 1.5967285105874576 0
1692944227478 1.5925350150654631 0
1692944227479 1.5879830204406085 0
1692944227480 1.584144749972733 0
1692944227481 1.579576608115979 0
1692944227481 1.5753043172294563 0
1692944227482 1.571070388290074 0
1692944227483 1.567009070010656 0
1692944227483 1.5628386658588573 0
1692944227484 1.5586993348053642 0
1692944227485 1.5544154328211797 0
1692944227486 1.5504659964751024 0
1692944227486 1.5466318150728626 0
1692944227487 1.5429188728133068 0
1692944227488 1.5389155053532142 0
1692944227489 1.535126399469231 0
1692944227489 1.5318252177638576 0
1692944227490 1.5280184856780274 0
1692944227491 1.5251861258804875 0
1692944227492 1.5216715987471299 0
1692944227492 1.518038120271772 0
1692944227493 1.5146706583877307 0
1692944227494 1.5115753635006055 0
1692944227494 1.5083012555628206 0
1692944227495 1.5051032351223788 0
1692944227496 1.5020974516558192 0
1692944227497 1.4994432312033545 0
1692944227497 1.4961712881889688 0
1692944227498 1.4929890441650233 0
1692944227499 1.4899768326930356 0
1692944227500 1.4871061676835955 0
1692944227500 1.4842171908074822 0
1692944227501 1.4811560634656862 0
1692944227502 1.4784097140965098 0
1692944227503 1.4757736740927214 0
1692944227503 1.4729209478292085 0
1692944227504 1.4703888546643065 0
1692944227505 1.4678484214443606 0
1692944227505 1.46516724709034 0
1692944227506 1.4626645007322596 0
1692944227507 1.459964028586779 0
1692944227508 1.4574446532828362 0
1692944227508 1.4548570038652506 0
1692944227509 1.4522332964284883 0
1692944227510 1.4498330284887115 0
1692944227511 1.447312377831026 0
1692944227512 1.4449650589354983 0
1692944227512 1.44276351443923 0
1692944227513 1.4403764062283844 0
1692944227514 1.438121707349609 0
1692944227515 1.435815766274565 0
1692944227516 1.4334495955920514 0
1692944227516 1.4312666741559292 0
1692944227517 1.4294110318651216 0
1692944227518 1.4275550884905337 0
