1692944329580 1.8361184733332756 0
1692944329582 1.7724403276104603 0
1692944329583 1.718864003085142 0
1692944329584 1.6690811081378378 0
1692944329585 1.6237380578161 0
1692944329586 1.582323569529771 0
1692944329588 1.5446079921532232 0
1692944329589 1.5099516281455432 0
1692944329590 1.478828774488139 0
1692944329592 1.4477145333756603 0
1692944329593 1.4191943065207189 0
1692944329594 1.3922638860567493 0
1692944329596 1.368089801782898 0
1692944329597 1.3462932932918177 0
1692944329599 1.3259491616553405 0
1692944329600 1.3073591686364523 0
1692944329601 1.2893121583979816 0
1692944329601 1.2725067635534255 0
1692944329602 1.257184708664085 0
1692944329603 1.2429146211419468 0
1692944329604 1.23049010227732 0
1692944329604 1.2180645973834332 0
1692944329605 1.2062864883839493 0
1692944329606 1.1957049386208498 0
1692944329607 1.1854620673271008 0
1692944329608 1.1744550995569725 0
1692944329608 1.1657755669770173 0
1692944329609 1.1565692426802472 0
1692944329610 1.149012206075261 0
1692944329611 1.1406289239874308 0
1692944329612 1.1325441452374774 0
1692944329612 1.1266840349525022 0
1692944329613 1.1196344272732113 0
1692944329614 1.113859195148733 0
1692944329615 1.1075406171319842 0
1692944329616 1.1016693154448487 0
1692944329616 1.0970422130861974 0
1692944329617 1.0908259430150415 0
1692944329618 1.0849698591733326 0
1692944329619 1.079770575349541 0
1692944329619 1.0755339644615594 0
1692944329620 1.072248235464476 0
1692944329621 1.0674508612530091 0
1692944329622 1.0632730429245179 0
1692944329623 1.0596122907202115 0
1692944329624 1.056968233603903 0
1692944329624 1.0524160061625467 0
1692944329625 1.0487443827257923 0
1692944329626 1.0459901505124418 0
1692944329627 1.0421193464090301 0
1692944329628 1.0379238149341672 0
1692944329628 1.035355627192251 0
1692944329629 1.0308504486185173 0
1692944329630 1.0274863218525472 0
1692944329631 1.024532514918684 0
1692944329632 1.0214892026922628 0
1692944329632 1.0192069071172785 0
1692944329633 1.0171310592861893 0
1692944329634 1.013323445139132 0
1692944329635 1.009677474751876 0
1692944329635 1.0073811396895558 0
1692944329636 1.0044828903165224 0
1692944329637 1.0010361785355348 0
1692944329638 0.9983262455700885 0
1692944329639 0.9951461215182758 0
1692944329639 0.9924746314927323 0
1692944329640 0.9899784863922165 0
1692944329641 0.9883962117154456 0
1692944329642 0.9859288763044715 0
1692944329643 0.9835943688384523 0
1692944329643 0.9810791599199238 0
1692944329644 0.9792678370246152 0
1692944329645 0.9772821658447174 0
1692944329646 0.9761015384812077 0
1692944329646 0.9736615460686501 0
1692944329647 0.9715248598230279 0
1692944329648 0.969895446521412 0
1692944329649 0.9677242179764628 0
1692944329650 0.9657449827688427 0
1692944329650 0.9640072575214522 0
1692944329651 0.9622996028336638 0
1692944329652 0.9596657017452744 0
1692944329653 0.9586553990977338 0
1692944329654 0.9565364680005777 0
1692944329655 0.9547551859738993 0
1692944329656 0.9531337560404545 0
1692944329657 0.9519132346994026 0
1692944329657 0.9501741554860424 0
1692944329658 0.9485456104982981 0
1692944329659 0.9473981901369439 0
1692944329660 0.9462290791269221 0
1692944329661 0.9432835600570731 0
1692944329661 0.9417773338366694 0
1692944329662 0.9408103327009241 0
1692944329663 0.9388908441472458 0
1692944329664 0.9378688936544289 0
1692944329665 0.9353492407273908 0
1692944329665 0.9341429352900605 0
1692944329666 0.9332657701439797 0
1692944329667 0.930617844233444 0
