1692944378651 1.7859655391994216 0
1692944378652 1.691374365459512 0
1692944378653 1.608218577504194 0
1692944378654 1.5468868719545767 0
1692944378655 1.4919382886416677 0
1692944378655 1.4439559416631929 0
1692944378656 1.403470172978544 0
1692944378657 1.369083717991808 0
1692944378658 1.3372016039810846 0
1692944378659 1.311622967386759 0
1692944378660 1.2899805731920604 0
1692944378661 1.2692109186198703 0
1692944378662 1.2511984747341964 0
1692944378663 1.2373494370725269 0
1692944378664 1.2236454597971016 0
1692944378664 1.2102460193357554 0
1692944378665 1.2000714525468654 0
1692944378666 1.18972593671702 0
1692944378667 1.180836897870272 0
1692944378668 1.1716594339714321 0
1692944378668 1.1632508400815655 0
1692944378669 1.1567818924161108 0
1692944378670 1.1499104676080754 0
1692944378671 1.143768716203722 0
1692944378672 1.1365938044316288 0
1692944378672 1.1309958729798002 0
1692944378673 1.1254877028760972 0
1692944378674 1.1200057388255398 0
1692944378675 1.1161588693674214 0
1692944378676 1.1120382909607924 0
1692944378677 1.1066560678352308 0
1692944378677 1.103060069129592 0
1692944378678 1.0998664036692176 0
1692944378679 1.09731601230728 0
1692944378680 1.0944823764257616 0
1692944378681 1.0909296604022491 0
1692944378681 1.0872006435605543 0
1692944378682 1.084112953653799 0
1692944378683 1.0811646723443782 0
1692944378684 1.0786034715814656 0
1692944378685 1.0766731993696317 0
1692944378685 1.0746663775513952 0
1692944378686 1.0726651588572014 0
1692944378687 1.0699633264268507 0
1692944378688 1.0673576651097918 0
1692944378689 1.0642060864635878 0
1692944378689 1.0609644632265836 0
1692944378690 1.0574926548550512 0
1692944378691 1.0547596070383998 0
1692944378692 1.053061151019503 0
1692944378693 1.0505875289429878 0
1692944378693 1.0490288185809367 0
1692944378694 1.0464658017366937 0
1692944378695 1.045307754135569 0
1692944378696 1.044207296091121 0
1692944378697 1.0407213954444987 0
1692944378697 1.036872666900782 0
1692944378698 1.0343346474439945 0
1692944378699 1.032794296645727 0
1692944378700 1.0292026669548444 0
1692944378701 1.0249501503251575 0
1692944378701 1.0228840230651068 0
1692944378702 1.020773190383572 0
1692944378703 1.0175774148234882 0
1692944378704 1.0150696563034816 0
1692944378705 1.014727600346271 0
1692944378706 1.0134246896781935 0
1692944378707 1.0116741100887734 0
1692944378707 1.0091933902231758 0
1692944378709 1.006925972572605 0
1692944378711 1.0030165432301426 0
1692944378712 1.001864635856026 0
1692944378713 1.0006380510732056 0
1692944378714 0.9977235454037634 0
1692944378714 0.9955229323522053 0
1692944378715 0.9946308709533781 0
1692944378716 0.9924061559231874 0
1692944378717 0.9917697115863635 0
1692944378718 0.9913337249729041 0
1692944378718 0.9889194903306079 0
1692944378719 0.9867914685127164 0
1692944378720 0.9857312559973495 0
1692944378721 0.9830097272447668 0
1692944378722 0.9827248943962662 0
1692944378723 0.9800753839619215 0
1692944378724 0.9781555219124815 0
1692944378725 0.9777475171659095 0
1692944378726 0.9759915410336141 0
1692944378726 0.9750114710789812 0
1692944378727 0.9727271661370144 0
1692944378728 0.9720114680911948 0
1692944378729 0.9705562121600907 0
1692944378730 0.9703462264572122 0
1692944378730 0.9685117119004814 0
1692944378731 0.9667170857212923 0
1692944378732 0.9647237072769793 0
1692944378733 0.9635916807196822 0
1692944378734 0.9614936434473172 0
1692944378734 0.9594310383195347 0
1692944378735 0.9590288680287655 0
