1692944357231 1.7981741456785296 0
1692944357232 1.7054129279693666 0
1692944357233 1.635128302893555 0
1692944357234 1.5716789081155205 0
1692944357235 1.5180511478819394 0
1692944357236 1.47189118353331 0
1692944357236 1.4340156022545123 0
1692944357237 1.403601752256819 0
1692944357238 1.3762546417359933 0
1692944357239 1.3533237335760082 0
1692944357240 1.3335525121034664 0
1692944357241 1.316551679278133 0
1692944357242 1.3019686205841883 0
1692944357243 1.289061316217632 0
1692944357244 1.277440363815916 0
1692944357244 1.2673667668968969 0
1692944357245 1.258557675441273 0
1692944357246 1.2485601836469815 0
1692944357247 1.240839054166149 0
1692944357248 1.233233443818692 0
1692944357249 1.2255935011904058 0
1692944357249 1.219109499269952 0
1692944357250 1.2127986866924776 0
1692944357251 1.2073105441195617 0
1692944357252 1.202297642996682 0
1692944357253 1.1977371462714812 0
1692944357254 1.192258307013906 0
1692944357254 1.1887146363807246 0
1692944357255 1.1853567763646902 0
1692944357256 1.1827739651032834 0
1692944357257 1.1792071087227014 0
1692944357258 1.1760465334377506 0
1692944357258 1.172251240116014 0
1692944357259 1.1697976543948863 0
1692944357260 1.1674688264330293 0
1692944357261 1.1648084904367044 0
1692944357261 1.1619027229548287 0
1692944357262 1.1600124591667396 0
1692944357263 1.1570026814257248 0
1692944357264 1.1542085596171523 0
1692944357265 1.1526854845788332 0
1692944357266 1.1506512630603165 0
1692944357266 1.1486494268847496 0
1692944357267 1.146446951217201 0
1692944357268 1.1444583200761054 0
1692944357269 1.1427625221968165 0
1692944357270 1.1411437230162584 0
1692944357270 1.1392838205548348 0
1692944357271 1.1379552069607421 0
1692944357272 1.1351001169294332 0
1692944357273 1.132633697381123 0
1692944357273 1.1312021181227006 0
1692944357274 1.1303745588167218 0
1692944357275 1.12818150994287 0
1692944357276 1.1275894034273894 0
1692944357277 1.1266391942137663 0
1692944357277 1.1246649300493015 0
1692944357278 1.1241270407238186 0
1692944357279 1.1232687030059278 0
1692944357280 1.12166631895103 0
1692944357281 1.119696394019556 0
1692944357281 1.1189622790487324 0
1692944357282 1.1179413850513922 0
1692944357283 1.1160084087308064 0
1692944357284 1.1153203162499319 0
1692944357284 1.1147042369079023 0
1692944357285 1.112836381338643 0
1692944357286 1.1109643613702906 0
1692944357287 1.1079223882199054 0
1692944357288 1.1061695463582917 0
1692944357288 1.1054693837010563 0
1692944357289 1.1041119119272325 0
1692944357290 1.1018333762432109 0
1692944357291 1.1005110629451345 0
1692944357292 1.0996443285247595 0
1692944357292 1.0979823170721692 0
1692944357293 1.096037424655114 0
1692944357294 1.0957417612710516 0
1692944357295 1.0939860742018719 0
1692944357296 1.0925723471055107 0
1692944357296 1.0911655841436136 0
1692944357297 1.088640960910617 0
1692944357298 1.0881397335356742 0
1692944357299 1.0873584321195573 0
1692944357299 1.0859611742061643 0
1692944357300 1.084405761484375 0
1692944357301 1.0827330277070955 0
1692944357302 1.0820468213349763 0
1692944357303 1.0811336701506922 0
1692944357304 1.0797274599894389 0
1692944357305 1.0791604670576254 0
1692944357306 1.0776919673799463 0
1692944357306 1.0754686495987302 0
1692944357307 1.0742131161366293 0
1692944357308 1.0728350877955894 0
1692944357309 1.0716476096036665 0
1692944357310 1.0712691492687387 0
1692944357310 1.0709567952062677 0
1692944357311 1.0707777862085208 0
1692944357312 1.0691936437948786 0
