1692944241028 1.8900815921778955 0
1692944241028 1.8800076237277548 0
1692944241029 1.8703866575669554 0
1692944241030 1.8602277155066196 0
1692944241031 1.8497207443760848 0
1692944241031 1.8412930367047358 0
1692944241032 1.831671233479349 0
1692944241033 1.8222222913954316 0
1692944241034 1.8124304484616733 0
1692944241035 1.8033074235484932 0
1692944241039 1.7938650252597435 0
1692944241040 1.7847607520125415 0
1692944241041 1.7761320611417526 0
1692944241043 1.7676628676649135 0
1692944241044 1.759679710611909 0
1692944241045 1.7515836264692457 0
1692944241046 1.7435299990346866 0
1692944241047 1.735568195656716 0
1692944241048 1.7280856714124102 0
1692944241050 1.7197044017415895 0
1692944241051 1.7117232304889305 0
1692944241052 1.704189534847453 0
1692944241053 1.696185351952311 0
1692944241054 1.6893076452573652 0
1692944241055 1.681639545234701 0
1692944241056 1.6746010465165586 0
1692944241057 1.667173116261863 0
1692944241058 1.6603489724900153 0
1692944241059 1.6533722566560445 0
1692944241059 1.6463510350594817 0
1692944241060 1.6393881781666078 0
1692944241061 1.632836340906947 0
1692944241062 1.62603016198496 0
1692944241062 1.6195487083344207 0
1692944241063 1.6136650688878456 0
1692944241064 1.6074927589977737 0
1692944241065 1.6012948303995362 0
1692944241065 1.5953768866481135 0
1692944241066 1.5892833201127903 0
1692944241067 1.5834720971965357 0
1692944241068 1.5779006674637304 0
1692944241068 1.5722305506710348 0
1692944241069 1.5667360851978493 0
1692944241070 1.5611586248347118 0
1692944241071 1.5557025732466563 0
1692944241071 1.5505263722782718 0
1692944241072 1.5453847763496376 0
1692944241073 1.5401410612838395 0
1692944241074 1.5350799497865268 0
1692944241074 1.5300949773115642 0
1692944241075 1.5253138786139318 0
1692944241076 1.520470680546247 0
1692944241077 1.5157634656584293 0
1692944241077 1.5112165001761675 0
1692944241078 1.5069607556136368 0
1692944241079 1.5024460014210888 0
1692944241080 1.4981115749458072 0
1692944241080 1.4937468928078836 0
1692944241081 1.4894479057767585 0
1692944241082 1.4853173768416492 0
1692944241083 1.4812633358765677 0
1692944241083 1.4776539793146553 0
1692944241084 1.4738971416701268 0
1692944241085 1.4700073235953452 0
1692944241086 1.466197249197355 0
1692944241086 1.4625345834000238 0
1692944241087 1.4588808940277376 0
1692944241088 1.4551629631060639 0
1692944241089 1.451694050303066 0
1692944241089 1.4481174744066514 0
1692944241090 1.4447331279495645 0
1692944241091 1.4413844289791473 0
1692944241091 1.4381472951680232 0
1692944241092 1.434782303936413 0
1692944241093 1.4317441830317648 0
1692944241094 1.428540294862205 0
1692944241094 1.4254084191438985 0
1692944241095 1.4224477437530758 0
1692944241097 1.4193896629047131 0
1692944241098 1.4163750078703468 0
1692944241099 1.4135076794278585 0
1692944241100 1.410755650044433 0
1692944241101 1.4078375229678879 0
1692944241102 1.4050492625248312 0
1692944241103 1.4022343307781964 0
1692944241104 1.399549913218121 0
1692944241106 1.3969679780506383 0
1692944241107 1.3942924725724564 0
1692944241108 1.391655503324583 0
1692944241109 1.388962253803044 0
1692944241110 1.386607612177587 0
1692944241111 1.38408406615951 0
1692944241112 1.3816232611735302 0
1692944241113 1.3792016159364866 0
1692944241115 1.3767687132280626 0
1692944241124 1.3744388212382417 0
1692944241126 1.3722520722349103 0
1692944241127 1.369847711338239 0
1692944241128 1.3676034043847065 0
1692944241129 1.3653664509558983 0
