1692944248323 1.8886398269984055 0
1692944248324 1.8767488316605567 0
1692944248325 1.8650944671299308 0
1692944248327 1.8536769484626876 0
1692944248328 1.8424653694540627 0
1692944248329 1.831481727870911 0
1692944248330 1.8207103305741037 0
1692944248331 1.810157517305881 0
1692944248332 1.7998104941645248 0
1692944248332 1.7894316291594237 0
1692944248333 1.779471269218205 0
1692944248334 1.7694738303484017 0
1692944248335 1.7597621171932687 0
1692944248335 1.750178563575376 0
1692944248336 1.740696668342312 0
1692944248337 1.7315950048545108 0
1692944248338 1.7224814680499312 0
1692944248338 1.7136724657103095 0
1692944248339 1.7049346011262179 0
1692944248340 1.6963565294700216 0
1692944248341 1.6872225274602353 0
1692944248341 1.678312299452306 0
1692944248342 1.669510232668489 0
1692944248343 1.6609421704661707 0
1692944248344 1.6530817405137896 0
1692944248344 1.644787439721221 0
1692944248345 1.6366727706745499 0
1692944248346 1.6286963194073114 0
1692944248347 1.6208716772009348 0
1692944248347 1.613199345684789 0
1692944248348 1.6056519855902087 0
1692944248349 1.5983074013981449 0
1692944248350 1.5916395477049685 0
1692944248350 1.5845356835500168 0
1692944248351 1.5780199084124433 0
1692944248352 1.571144858013603 0
1692944248353 1.564364350382381 0
1692944248354 1.5577846066761412 0
1692944248354 1.5512895229286325 0
1692944248355 1.5449216689771368 0
1692944248356 1.5386917841723209 0
1692944248357 1.5324898928403237 0
1692944248358 1.526469636069499 0
1692944248358 1.5204977845021095 0
1692944248359 1.5146250994006931 0
1692944248360 1.5088836126219065 0
1692944248360 1.503307440462493 0
1692944248361 1.4977739370878722 0
1692944248362 1.4923382187743774 0
1692944248363 1.4870145965597679 0
1692944248363 1.4818452653652368 0
1692944248364 1.4766595624258136 0
1692944248365 1.4715512558536137 0
1692944248366 1.4666395774172312 0
1692944248366 1.4617340910129022 0
1692944248367 1.4569269935879783 0
1692944248368 1.4523490518241557 0
1692944248369 1.4476820963132355 0
1692944248369 1.4431066413610676 0
1692944248370 1.4386025610397788 0
1692944248371 1.4342531803756682 0
1692944248372 1.4299486398879244 0
1692944248373 1.4256477760590078 0
1692944248373 1.4214479879846111 0
1692944248374 1.4172398189762767 0
1692944248375 1.4131162715204089 0
1692944248376 1.4091658689189583 0
1692944248376 1.4052263082738479 0
1692944248377 1.401359637424249 0
1692944248378 1.3974910039407904 0
1692944248379 1.3937576057720094 0
1692944248379 1.390030150141804 0
1692944248380 1.3864244827711685 0
1692944248381 1.3828845329766781 0
1692944248382 1.3794866880206575 0
1692944248382 1.3760547465600808 0
1692944248383 1.3725050416207205 0
1692944248384 1.3691671788843234 0
1692944248385 1.3658886400465289 0
1692944248385 1.3626922810340925 0
1692944248386 1.3595181620029575 0
1692944248387 1.356291938914367 0
1692944248388 1.3532547862380269 0
1692944248389 1.3502056522641226 0
1692944248389 1.3472171924495953 0
1692944248390 1.3442529203804887 0
1692944248391 1.3413108159217155 0
1692944248391 1.3384660347173551 0
1692944248392 1.3356463286710811 0
1692944248393 1.3328983190423638 0
1692944248394 1.3300356181829063 0
1692944248395 1.3273824992410073 0
1692944248395 1.3247233970457524 0
1692944248396 1.3221524666568687 0
1692944248397 1.319465809347815 0
1692944248398 1.3167334398165977 0
1692944248399 1.314294506079919 0
1692944248399 1.3118373795148064 0
1692944248400 1.3094756607018072 0
1692944248401 1.3069367552533362 0
