1692944277277 1.8540678391289744 0
1692944277278 1.8118936998010615 0
1692944277279 1.7735599435842049 0
1692944277280 1.735096577618487 0
1692944277281 1.70037612849368 0
1692944277283 1.6709136009254386 0
1692944277284 1.6416612317105397 0
1692944277285 1.6141193433525314 0
1692944277286 1.5891718288969727 0
1692944277287 1.5665183685078874 0
1692944277288 1.5456280192678786 0
1692944277289 1.5264814578580423 0
1692944277290 1.5093215704818048 0
1692944277291 1.493020644615356 0
1692944277292 1.4777993561775886 0
1692944277293 1.4628901948535193 0
1692944277294 1.4497013116782915 0
1692944277295 1.4377555343985442 0
1692944277296 1.426309311651361 0
1692944277297 1.4159876752876779 0
1692944277298 1.40594065444204 0
1692944277299 1.3965426272686354 0
1692944277300 1.3881260744748365 0
1692944277301 1.3805177120306356 0
1692944277302 1.372841362298642 0
1692944277303 1.365714215578962 0
1692944277304 1.358150042825213 0
1692944277305 1.352140586536842 0
1692944277306 1.3459529934350207 0
1692944277307 1.3399237718370811 0
1692944277309 1.3343918998272604 0
1692944277310 1.3292125679781004 0
1692944277312 1.3243431557635608 0
1692944277313 1.3193163718669683 0
1692944277315 1.3147380610915265 0
1692944277316 1.3104846803484338 0
1692944277317 1.3057923365026753 0
1692944277318 1.3016459939214489 0
1692944277319 1.298019607643943 0
1692944277320 1.2944598142065156 0
1692944277321 1.2908125119933784 0
1692944277323 1.287225124677145 0
1692944277324 1.2843211536672314 0
1692944277325 1.2812954036639934 0
1692944277326 1.277428572687009 0
1692944277328 1.2750188948039396 0
1692944277329 1.2716427934134944 0
1692944277330 1.2690338024820171 0
1692944277331 1.2665195551581248 0
1692944277332 1.2640670369471934 0
1692944277333 1.261273793702279 0
1692944277335 1.2590142501409278 0
1692944277336 1.2563711741385732 0
1692944277337 1.2546380099234349 0
1692944277338 1.2525726495154248 0
1692944277339 1.2503166743367493 0
1692944277340 1.248014715238928 0
1692944277341 1.2459953252861724 0
1692944277342 1.2442450949369268 0
1692944277343 1.2428635210641696 0
1692944277344 1.241170227556749 0
1692944277345 1.2398198944638392 0
1692944277346 1.2379986575352449 0
1692944277347 1.2362982369500566 0
1692944277348 1.234846196198234 0
1692944277349 1.2337371845737763 0
1692944277350 1.231993825267121 0
1692944277351 1.23062894414869 0
1692944277352 1.229048126550605 0
1692944277353 1.227528798530535 0
1692944277354 1.2255704213090288 0
1692944277355 1.2243599119892146 0
1692944277357 1.223027476970622 0
1692944277358 1.2217789427796064 0
1692944277359 1.2205250792999212 0
1692944277360 1.219305278081521 0
1692944277361 1.2184638283775913 0
1692944277362 1.217377923579725 0
1692944277363 1.2159053278473089 0
1692944277364 1.2142747807226306 0
1692944277365 1.2130250120886232 0
1692944277366 1.2118819319181464 0
1692944277367 1.2104453930303922 0
1692944277369 1.2093657381630691 0
1692944277370 1.208159307998496 0
1692944277371 1.2068646759485193 0
1692944277372 1.206045997743646 0
1692944277373 1.2047417639809543 0
1692944277374 1.2038063898258156 0
1692944277375 1.2029102388404251 0
1692944277376 1.2018321413046533 0
1692944277377 1.2006785688777082 0
1692944277377 1.199656062522533 0
1692944277378 1.1986017088711778 0
1692944277379 1.1980853181179003 0
1692944277380 1.19702139203766 0
1692944277381 1.1964155547892197 0
1692944277381 1.1956228069824546 0
1692944277382 1.1947760023988692 0
1692944277383 1.1939617115445544 0
