1692944336924 1.836557404728011 0
1692944336924 1.7769003162270514 0
1692944336925 1.7239253291125223 0
1692944336926 1.674676629022626 0
1692944336927 1.6312170728829767 0
1692944336928 1.586827974177869 0
1692944336928 1.5462748780677054 0
1692944336929 1.5117540573557724 0
1692944336930 1.4790841705560223 0
1692944336931 1.4506813975941812 0
1692944336932 1.4248574256752857 0
1692944336933 1.3979393820695714 0
1692944336934 1.374367290381706 0
1692944336935 1.3511940021244782 0
1692944336935 1.3310475365273926 0
1692944336936 1.3127525628934695 0
1692944336937 1.295255025979605 0
1692944336938 1.2797350191776824 0
1692944336938 1.2644217311996966 0
1692944336939 1.2498275000845562 0
1692944336940 1.236054114445808 0
1692944336941 1.2244190027112178 0
1692944336942 1.2129110134223637 0
1692944336942 1.202688359528211 0
1692944336943 1.1931596036303735 0
1692944336944 1.1833810063659402 0
1692944336945 1.174629583974344 0
1692944336946 1.166248943692372 0
1692944336946 1.15837668271034 0
1692944336947 1.150259506506062 0
1692944336948 1.1430337842636193 0
1692944336949 1.1354819306591837 0
1692944336950 1.129580744031854 0
1692944336950 1.1240592454534464 0
1692944336951 1.1186931113626084 0
1692944336952 1.1123713571499023 0
1692944336953 1.105768691472578 0
1692944336953 1.1005194808668823 0
1692944336954 1.09537127155335 0
1692944336955 1.0904783084394019 0
1692944336956 1.0861523243186868 0
1692944336957 1.0817014147480697 0
1692944336957 1.0765425158687891 0
1692944336958 1.072116864828527 0
1692944336959 1.067517516465312 0
1692944336960 1.062451638387085 0
1692944336961 1.0585709702278838 0
1692944336961 1.0555423176427479 0
1692944336962 1.0517624395683869 0
1692944336963 1.0492433529907328 0
1692944336964 1.0452633434223582 0
1692944336965 1.041453425238852 0
1692944336965 1.0378680950731092 0
1692944336966 1.0340370645119 0
1692944336967 1.0307203397031277 0
1692944336968 1.0275919927943862 0
1692944336969 1.0246828482341126 0
1692944336970 1.0216457684065394 0
1692944336971 1.0187201472828766 0
1692944336972 1.0158437331362 0
1692944336972 1.0124488557308795 0
1692944336973 1.009522037209027 0
1692944336974 1.007107518636685 0
1692944336975 1.0051165781972922 0
1692944336975 1.0027114361963423 0
1692944336976 1.0005812396642453 0
1692944336977 0.9986429322800955 0
1692944336978 0.996721312298454 0
1692944336979 0.9943553004091864 0
1692944336979 0.9923099408976941 0
1692944336980 0.9901512637207737 0
1692944336981 0.9886522428877063 0
1692944336982 0.9866320886850697 0
1692944336983 0.985029933892392 0
1692944336983 0.982998096919676 0
1692944336984 0.981339449164095 0
1692944336985 0.9782919455790288 0
1692944336986 0.9757094741452369 0
1692944336987 0.9737669469230523 0
1692944336988 0.972150934364663 0
1692944336988 0.970971795953534 0
1692944336989 0.969293880149709 0
1692944336990 0.9677223051273913 0
1692944336991 0.9659076145760583 0
1692944336991 0.962750588798884 0
1692944336992 0.9607130627815642 0
1692944336993 0.9586605111583657 0
1692944336994 0.9566006593965655 0
1692944336995 0.9543611154586751 0
1692944336996 0.9532539084499326 0
1692944336997 0.951770951250312 0
1692944336997 0.9502952120187486 0
1692944336998 0.9481196069926883 0
1692944336999 0.9464097028273778 0
1692944337000 0.9451828184976925 0
1692944337001 0.9425778895764243 0
1692944337001 0.9411821397725547 0
1692944337002 0.9388452628795567 0
1692944337003 0.936334642603319 0
1692944337004 0.9338911105283751 0
