1692944310050 1.8413294439323213 0
1692944310051 1.7875684296541698 0
1692944310052 1.7376033845445795 0
1692944310053 1.6931444936584503 0
1692944310054 1.6488090652522596 0
1692944310054 1.6085883325784072 0
1692944310055 1.5720516889862646 0
1692944310056 1.5386369104601105 0
1692944310057 1.508705787067093 0
1692944310058 1.480879302810423 0
1692944310059 1.4557177334689029 0
1692944310060 1.4330119744780316 0
1692944310061 1.4119737121623934 0
1692944310061 1.3922696734883595 0
1692944310062 1.3743169957683332 0
1692944310063 1.357860893270265 0
1692944310064 1.3426453358340646 0
1692944310064 1.3283633691641006 0
1692944310065 1.3155185973045236 0
1692944310066 1.303200626583284 0
1692944310067 1.2909727935132507 0
1692944310068 1.2805859871029663 0
1692944310068 1.2703816608407925 0
1692944310069 1.2614415711060494 0
1692944310070 1.252503460380479 0
1692944310071 1.2442572192420511 0
1692944310072 1.2368588021180664 0
1692944310072 1.229759425422569 0
1692944310073 1.2231558771717987 0
1692944310074 1.2168435935304915 0
1692944310075 1.2108798828028033 0
1692944310075 1.2054174123920505 0
1692944310076 1.19941584771525 0
1692944310077 1.1939355403276803 0
1692944310078 1.188604122591688 0
1692944310079 1.1839012877282873 0
1692944310079 1.1795340945879738 0
1692944310080 1.1742097814737134 0
1692944310081 1.16971043799185 0
1692944310082 1.1660671054038552 0
1692944310083 1.1625143586046958 0
1692944310083 1.1584193271264946 0
1692944310084 1.1549092050922576 0
1692944310085 1.1511283281006983 0
1692944310086 1.147807138396968 0
1692944310086 1.14476442622113 0
1692944310087 1.1419766588183176 0
1692944310088 1.139135112760788 0
1692944310089 1.1355915872836047 0
1692944310090 1.1326059485849118 0
1692944310090 1.1304628336738076 0
1692944310091 1.1279015727000903 0
1692944310092 1.1243262325292676 0
1692944310093 1.1220589375027337 0
1692944310094 1.119801864204855 0
1692944310094 1.1169877655668887 0
1692944310095 1.1150972237850993 0
1692944310096 1.1126791344642042 0
1692944310097 1.1098450829166882 0
1692944310098 1.1071411358784378 0
1692944310099 1.1054757853551573 0
1692944310100 1.103922207020837 0
1692944310101 1.1015865728489052 0
1692944310102 1.099887094986581 0
1692944310103 1.0975429380560482 0
1692944310104 1.0962344532233057 0
1692944310105 1.094805435881036 0
1692944310105 1.0929602431723586 0
1692944310106 1.0908195749338705 0
1692944310107 1.0887493485056772 0
1692944310108 1.086407342389288 0
1692944310108 1.0852461977789776 0
1692944310109 1.0833560184492168 0
1692944310110 1.0820200606053256 0
1692944310111 1.0804781668301646 0
1692944310111 1.0789922934557568 0
1692944310112 1.0772450602531873 0
1692944310113 1.07601127407489 0
1692944310114 1.0747223880460512 0
1692944310114 1.073538413829327 0
1692944310115 1.0720247137689694 0
1692944310116 1.070783154961357 0
1692944310117 1.069031542948757 0
1692944310118 1.0679098758902406 0
1692944310118 1.0666687254441687 0
1692944310119 1.0651780142723766 0
1692944310120 1.064369081309919 0
1692944310121 1.0618669611866438 0
1692944310122 1.0611289122557355 0
1692944310123 1.0587534034969135 0
1692944310124 1.056692812711204 0
1692944310124 1.0560359929508665 0
1692944310125 1.054723034901055 0
1692944310126 1.0536107096799188 0
1692944310127 1.0526681059071354 0
1692944310128 1.0515190917243904 0
1692944310128 1.0495778630756136 0
1692944310129 1.0471844309941045 0
1692944310130 1.045945298080666 0
1692944310131 1.0448033442490179 0
