1692944251941 1.8887578036827357 0
1692944251942 1.876986965413373 0
1692944251943 1.8653503830574782 0
1692944251944 1.8539402374739464 0
1692944251944 1.8427918528604346 0
1692944251945 1.831829524101393 0
1692944251946 1.82115919525848 0
1692944251947 1.809755586702751 0
1692944251948 1.7994096521003309 0
1692944251949 1.7891065458917226 0
1692944251950 1.7792421416861564 0
1692944251951 1.7693886567265014 0
1692944251952 1.759631816847789 0
1692944251953 1.74936780688268 0
1692944251954 1.7392795872194085 0
1692944251955 1.7293607792002772 0
1692944251956 1.720404728448461 0
1692944251957 1.7115692301221244 0
1692944251957 1.7028724933555306 0
1692944251958 1.6944305237263337 0
1692944251959 1.6862259757854854 0
1692944251959 1.6778688295111257 0
1692944251960 1.6698707370908024 0
1692944251961 1.6620335078729664 0
1692944251962 1.6536033626235906 0
1692944251962 1.645361756381538 0
1692944251963 1.637340504318424 0
1692944251964 1.6293499800512958 0
1692944251965 1.6215656490895054 0
1692944251965 1.6139166133877534 0
1692944251966 1.6063875337087232 0
1692944251967 1.5989472842102053 0
1692944251968 1.5916918009377499 0
1692944251968 1.5843872863492585 0
1692944251969 1.5774669462155675 0
1692944251970 1.5704678411235893 0
1692944251971 1.5636643072179925 0
1692944251972 1.5571476477411779 0
1692944251972 1.5505987121595741 0
1692944251973 1.5442213601577017 0
1692944251974 1.5379257895483467 0
1692944251975 1.5317723589849723 0
1692944251975 1.525676512144348 0
1692944251976 1.5197681627263218 0
1692944251977 1.513896810672714 0
1692944251978 1.5081106379070621 0
1692944251978 1.5024562743846002 0
1692944251979 1.4969617498180046 0
1692944251980 1.491585050305865 0
1692944251981 1.4863382004654804 0
1692944251981 1.4811309692788703 0
1692944251982 1.4760025987759575 0
1692944251983 1.4707651746693564 0
1692944251983 1.4656969745320128 0
1692944251984 1.4611500499282908 0
1692944251985 1.4562956888685028 0
1692944251986 1.4516186571129448 0
1692944251987 1.4469004893987436 0
1692944251987 1.442349268930457 0
1692944251988 1.4377520941855564 0
1692944251989 1.4334460632258528 0
1692944251990 1.4290535263317135 0
1692944251991 1.4248037553381878 0
1692944251991 1.4205957676338579 0
1692944251992 1.4165697518313394 0
1692944251993 1.4126156231868134 0
1692944251994 1.4086838723981367 0
1692944251994 1.404805281183613 0
1692944251995 1.4010314032199795 0
1692944251996 1.3972057578682249 0
1692944251996 1.393551855558576 0
1692944251997 1.3898468787859983 0
1692944251998 1.3862164220695938 0
1692944251999 1.382611120607016 0
1692944251999 1.3790051570069854 0
1692944252000 1.3755064432304038 0
1692944252001 1.372112823263749 0
1692944252002 1.3687305196423325 0
1692944252002 1.3654916115240656 0
1692944252003 1.3623058497166178 0
1692944252004 1.3591854433954755 0
1692944252005 1.3560846682080996 0
1692944252005 1.3528184936186385 0
1692944252006 1.349662631871291 0
1692944252007 1.3467241723273011 0
1692944252008 1.3436916994465964 0
1692944252008 1.3408555537015263 0
1692944252009 1.3380190583732945 0
1692944252010 1.3350739650397812 0
1692944252010 1.3323124720240522 0
1692944252011 1.3295215861508989 0
1692944252012 1.3267691438629305 0
1692944252013 1.3241047207785162 0
1692944252014 1.321305235163767 0
1692944252015 1.318758685881 0
1692944252015 1.316245440737013 0
1692944252016 1.3137770759461727 0
1692944252017 1.3111715725829356 0
1692944252018 1.3085925914958467 0
1692944252019 1.306236809246952 0
