1692944270337 1.8876302866495749 0
1692944270338 1.8744653506438358 0
1692944270339 1.8617241752573734 0
1692944270340 1.8488211250053284 0
1692944270341 1.8365489320505244 0
1692944270341 1.8235484062519671 0
1692944270342 1.8111115447966861 0
1692944270343 1.799456958287602 0
1692944270344 1.7880485734161808 0
1692944270345 1.7768414337613032 0
1692944270346 1.7650007369900045 0
1692944270347 1.7543258210382526 0
1692944270347 1.7436473235635228 0
1692944270348 1.7332829925252846 0
1692944270349 1.722983128556519 0
1692944270350 1.7129728529330404 0
1692944270351 1.7029420960020198 0
1692944270351 1.693154119205306 0
1692944270352 1.68363172326777 0
1692944270353 1.6743824362616204 0
1692944270354 1.6650563379939491 0
1692944270354 1.6562354674388737 0
1692944270355 1.6474590358526073 0
1692944270356 1.6382123707057106 0
1692944270357 1.62945375555842 0
1692944270357 1.6205075406874287 0
1692944270358 1.6121521771061444 0
1692944270359 1.6038807655464191 0
1692944270360 1.595901254634731 0
1692944270360 1.587977685605783 0
1692944270361 1.5801139695962023 0
1692944270362 1.5725975960154241 0
1692944270363 1.565134477530072 0
1692944270363 1.5576863065504007 0
1692944270364 1.5503647866067767 0
1692944270365 1.5426726519872607 0
1692944270366 1.5352071167380104 0
1692944270366 1.5278231197972012 0
1692944270367 1.5205048913454655 0
1692944270368 1.5133896321838192 0
1692944270369 1.5064347732690824 0
1692944270369 1.4995751891832934 0
1692944270370 1.4929169062539611 0
1692944270371 1.48639153847848 0
1692944270372 1.4799187497477573 0
1692944270373 1.4736752940499018 0
1692944270374 1.4673685435985588 0
1692944270374 1.4612227371302737 0
1692944270375 1.4554375623180908 0
1692944270376 1.4495476338632165 0
1692944270377 1.443800393527816 0
1692944270377 1.4382515352319256 0
1692944270378 1.432660987003972 0
1692944270379 1.4271485604409746 0
1692944270380 1.4215747076948182 0
1692944270380 1.416364625503806 0
1692944270381 1.410902271420586 0
1692944270382 1.4058138899737007 0
1692944270383 1.4006984216070375 0
1692944270385 1.3956572654039734 0
1692944270386 1.3907021357333293 0
1692944270387 1.3859235692010505 0
1692944270388 1.3810109267041006 0
1692944270388 1.376342163436537 0
1692944270389 1.3719687866575205 0
1692944270390 1.3674210011834707 0
1692944270391 1.3629870424227022 0
1692944270391 1.358701451033732 0
1692944270392 1.3543385249705044 0
1692944270393 1.3500126248741684 0
1692944270394 1.3457864471969896 0
1692944270394 1.341705557798561 0
1692944270395 1.3373918491534744 0
1692944270396 1.3335192201938226 0
1692944270397 1.329521287812472 0
1692944270397 1.3256692496377718 0
1692944270398 1.3216849950698408 0
1692944270399 1.3180783882492215 0
1692944270400 1.3145721487162378 0
1692944270401 1.311067405910855 0
1692944270401 1.3075147145063986 0
1692944270402 1.3040145332626383 0
1692944270403 1.3006340785241188 0
1692944270404 1.297141652789596 0
1692944270404 1.2936805131204974 0
1692944270405 1.2902428718389773 0
1692944270406 1.2871157065586805 0
1692944270407 1.2838177420421577 0
1692944270407 1.280835720422955 0
1692944270408 1.2777809341297606 0
1692944270409 1.2746811626467167 0
1692944270410 1.2714997380610606 0
1692944270411 1.2686054464059062 0
1692944270412 1.2658538169572955 0
1692944270412 1.2628618675750747 0
1692944270413 1.2600217451475662 0
1692944270414 1.2572289212763483 0
1692944270415 1.2542739201203355 0
1692944270415 1.2515494973416128 0
1692944270416 1.2487744372665215 0
