1692944340302 1.8097585189392227 0
1692944340303 1.7353475557703844 0
1692944340304 1.6670845495920796 0
1692944340305 1.6109595824832856 0
1692944340305 1.5628882133795363 0
1692944340306 1.5228102177505332 0
1692944340307 1.488316728310451 0
1692944340308 1.4593174075165878 0
1692944340309 1.4329401274984184 0
1692944340310 1.4113245732004531 0
1692944340311 1.3923285410084931 0
1692944340312 1.375274067821891 0
1692944340313 1.3597978463677836 0
1692944340313 1.3469314854635472 0
1692944340314 1.3354382740992006 0
1692944340315 1.3248373107412823 0
1692944340316 1.3152791845280434 0
1692944340317 1.3069736501992113 0
1692944340317 1.2984375662415963 0
1692944340318 1.2903367671036605 0
1692944340319 1.2843484868076316 0
1692944340320 1.2764961655501632 0
1692944340321 1.270487541040759 0
1692944340321 1.2644078732047903 0
1692944340322 1.2597161143227964 0
1692944340323 1.2547307441943485 0
1692944340324 1.2504598698037745 0
1692944340325 1.2472548386971383 0
1692944340325 1.2434143568129552 0
1692944340326 1.2394557526900674 0
1692944340327 1.235607143487864 0
1692944340328 1.232950387822928 0
1692944340329 1.2301802310916605 0
1692944340330 1.227380356575932 0
1692944340330 1.225482238552027 0
1692944340331 1.2234668012794632 0
1692944340332 1.2211221849877358 0
1692944340333 1.218768271306897 0
1692944340334 1.2153468855692788 0
1692944340334 1.2131859395899152 0
1692944340335 1.2117696997165097 0
1692944340336 1.2093623007974748 0
1692944340337 1.2076449849831472 0
1692944340338 1.2056189392409593 0
1692944340338 1.2035668273890974 0
1692944340339 1.2015336004788246 0
1692944340340 1.1989262623172026 0
1692944340341 1.197205662420795 0
1692944340342 1.1953090978448264 0
1692944340342 1.1938933509629197 0
1692944340343 1.1923302705026333 0
1692944340344 1.1913243157184479 0
1692944340345 1.1896458173499576 0
1692944340346 1.1879738331547607 0
1692944340346 1.1864435808686482 0
1692944340347 1.1852417752960798 0
1692944340348 1.183750983162061 0
1692944340349 1.1819099824665433 0
1692944340350 1.1804511861868783 0
1692944340350 1.1791298652937572 0
1692944340351 1.177751470030976 0
1692944340352 1.1769123061185656 0
1692944340353 1.1765000914652337 0
1692944340354 1.175093653069384 0
1692944340354 1.1738915310031708 0
1692944340355 1.1728827833144824 0
1692944340356 1.172449254660127 0
1692944340357 1.1719190174438365 0
1692944340358 1.1715938931615106 0
1692944340358 1.1704593172058364 0
1692944340359 1.169694889456604 0
1692944340360 1.1690289983167026 0
1692944340361 1.1685140585092892 0
1692944340361 1.1676908508303288 0
1692944340362 1.1663715740825926 0
1692944340363 1.1659604411411206 0
1692944340364 1.1657055123329854 0
1692944340365 1.1645483911841883 0
1692944340365 1.1639079396475904 0
1692944340366 1.16232080086646 0
1692944340367 1.1613435395190372 0
1692944340368 1.1606350065175548 0
1692944340369 1.1602511153546853 0
1692944340369 1.1599351691672943 0
1692944340371 1.158868523216386 0
1692944340371 1.1585922317716755 0
1692944340372 1.1577082542077692 0
1692944340373 1.1566912239367866 0
1692944340374 1.1564737531318965 0
1692944340375 1.1561465179037238 0
1692944340376 1.1554094797161776 0
1692944340377 1.154615324170992 0
1692944340378 1.15369378924419 0
1692944340379 1.1529028280641977 0
1692944340379 1.1517141844049632 0
1692944340380 1.1508766932437164 0
1692944340381 1.1499737105490782 0
1692944340382 1.1493047728294772 0
1692944340383 1.149156192554186 0
1692944340383 1.1482537985929329 0
