1692944291425 1.8481186940136052 0
1692944291427 1.800427072236194 0
1692944291428 1.7564498467224616 0
1692944291429 1.7126085027440838 0
1692944291430 1.672500385297726 0
1692944291431 1.6362653561900007 0
1692944291433 1.602816261752127 0
1692944291434 1.5726188716498444 0
1692944291435 1.5450849748398823 0
1692944291436 1.5196153769971688 0
1692944291437 1.4964273989800787 0
1692944291438 1.475590235221216 0
1692944291440 1.4559751209629153 0
1692944291441 1.438671313057781 0
1692944291442 1.4220856612089479 0
1692944291443 1.4072254495973133 0
1692944291445 1.3931169725263188 0
1692944291446 1.3799977079876629 0
1692944291447 1.3678900959679965 0
1692944291448 1.3564278937443293 0
1692944291449 1.3462869324107616 0
1692944291450 1.3365827224510656 0
1692944291451 1.3276334349144896 0
1692944291453 1.319097041771568 0
1692944291454 1.3112502719571721 0
1692944291455 1.3040512905062858 0
1692944291456 1.2971873079436311 0
1692944291457 1.2905796127942655 0
1692944291458 1.284564491710162 0
1692944291460 1.2784643950348946 0
1692944291461 1.2725320862428948 0
1692944291462 1.2671347848432144 0
1692944291463 1.2624008918374376 0
1692944291464 1.2573793375319877 0
1692944291465 1.2532426195672148 0
1692944291467 1.2488663291306512 0
1692944291468 1.2451650184770482 0
1692944291469 1.2410244203392302 0
1692944291470 1.2373671454041246 0
1692944291471 1.2334369045523663 0
1692944291472 1.2293998044040453 0
1692944291474 1.2264115863651 0
1692944291475 1.2231777119493388 0
1692944291476 1.2201768961463069 0
1692944291477 1.2170266420349658 0
1692944291478 1.2144820094713047 0
1692944291479 1.2113766489064617 0
1692944291481 1.208326892111749 0
1692944291482 1.2062227802954002 0
1692944291483 1.2036651328482677 0
1692944291484 1.2013702060905564 0
1692944291485 1.1991303542195444 0
1692944291487 1.196598067107982 0
1692944291488 1.1941065443908454 0
1692944291490 1.1920265606324434 0
1692944291491 1.189899073641253 0
1692944291492 1.1880295268628158 0
1692944291494 1.186386388303179 0
1692944291495 1.1846169746064144 0
1692944291496 1.1825705961540374 0
1692944291498 1.1807325120978542 0
1692944291499 1.1792509485208977 0
1692944291500 1.1776382190585757 0
1692944291502 1.1761121587135666 0
1692944291503 1.174886135704931 0
1692944291505 1.1735358524676758 0
1692944291506 1.1723622581221378 0
1692944291507 1.1710293088401127 0
1692944291509 1.1699484575834127 0
1692944291510 1.1689063245480764 0
1692944291511 1.1668154914909736 0
1692944291513 1.165200940833333 0
1692944291514 1.1637873010794915 0
1692944291515 1.1624278973181137 0
1692944291517 1.1615052999186488 0
1692944291519 1.1600485994819951 0
1692944291520 1.158416443986122 0
1692944291522 1.1574801000589428 0
1692944291523 1.1567223905689192 0
1692944291524 1.1556102593812085 0
1692944291526 1.1547656265433037 0
1692944291527 1.1540027966542126 0
1692944291528 1.1523508662454773 0
1692944291530 1.1514504262900804 0
1692944291531 1.1503914959816004 0
1692944291532 1.1497114853060024 0
1692944291534 1.1484687243223608 0
1692944291535 1.1471991208646368 0
1692944291536 1.1456050200527823 0
1692944291538 1.1445405129727215 0
1692944291539 1.1432406324233522 0
1692944291540 1.1421349191280086 0
1692944291542 1.1411208582278258 0
1692944291543 1.1400176381409262 0
1692944291544 1.138928927093757 0
1692944291546 1.1381083181035918 0
1692944291547 1.1369683158221855 0
1692944291548 1.1359029192557866 0
1692944291550 1.1345794979164623 0
1692944291551 1.1341095877083813 0
