1692944230620 1.8928654774145341 0
1692944230621 1.8840483343512393 0
1692944230622 1.8745215888202318 0
1692944230623 1.8672873731321704 0
1692944230624 1.8601069041446485 0
1692944230624 1.852541472512304 0
1692944230625 1.843532137287308 0
1692944230626 1.8351123643779832 0
1692944230627 1.8268354366717587 0
1692944230628 1.8199829997569066 0
1692944230629 1.8119297256654723 0
1692944230629 1.8047997621492442 0
1692944230630 1.7971169929555413 0
1692944230631 1.7893863870819056 0
1692944230632 1.7819082983334429 0
1692944230632 1.7740249537836568 0
1692944230633 1.7680326852746642 0
1692944230634 1.7611429618808285 0
1692944230635 1.7553192215216051 0
1692944230635 1.748895297827867 0
1692944230636 1.7429991498358222 0
1692944230637 1.7360455156053116 0
1692944230638 1.7292027353802852 0
1692944230638 1.7225827205744146 0
1692944230639 1.7159635106473619 0
1692944230640 1.7102303680943822 0
1692944230641 1.7039772292939204 0
1692944230641 1.6974196490317175 0
1692944230642 1.6913647552573292 0
1692944230643 1.685494918523706 0
1692944230644 1.6795120646306205 0
1692944230644 1.6733924451494293 0
1692944230645 1.6674458504920977 0
1692944230646 1.6621357940952837 0
1692944230647 1.656625626187878 0
1692944230647 1.6509272864730768 0
1692944230648 1.6452844722547326 0
1692944230649 1.6407785369982884 0
1692944230650 1.6354923438419016 0
1692944230650 1.630305024050752 0
1692944230651 1.6251896536787294 0
1692944230652 1.6206945653040046 0
1692944230652 1.6161594549006038 0
1692944230653 1.6111165234817393 0
1692944230654 1.6060249481943645 0
1692944230655 1.6023107191975074 0
1692944230655 1.5977029354924845 0
1692944230656 1.5929299971947835 0
1692944230657 1.5887241906623715 0
1692944230658 1.5841452288347422 0
1692944230659 1.5807677984477606 0
1692944230659 1.5764225364608042 0
1692944230660 1.5721702902421961 0
1692944230661 1.5688379711771323 0
1692944230662 1.5648033009427451 0
1692944230662 1.5607709960446803 0
1692944230663 1.5565051212254581 0
1692944230664 1.5532360798312799 0
1692944230664 1.5495506105705865 0
1692944230665 1.5456264485744893 0
1692944230666 1.5418045779293459 0
1692944230667 1.5388303192861494 0
1692944230667 1.5358679832904405 0
1692944230668 1.5320400521450217 0
1692944230669 1.5284326002584174 0
1692944230670 1.52461243755937 0
1692944230670 1.5212074762861967 0
1692944230671 1.5177744614112254 0
1692944230672 1.5143898227478598 0
1692944230673 1.5110434829976946 0
1692944230673 1.507909558305322 0
1692944230674 1.5046820892516977 0
1692944230675 1.5014666441757536 0
1692944230676 1.498988350471282 0
1692944230676 1.495620665139811 0
1692944230677 1.4922594880208777 0
1692944230678 1.4894144706697188 0
1692944230679 1.4867953478610008 0
1692944230679 1.483809002277027 0
1692944230680 1.4809264819391796 0
1692944230681 1.4780281377041566 0
1692944230681 1.4749665734682924 0
1692944230682 1.4723554195720125 0
1692944230683 1.46960064918247 0
1692944230684 1.4668784828047252 0
1692944230685 1.4640396520167689 0
1692944230686 1.461800044936145 0
1692944230687 1.4589904483389067 0
1692944230687 1.456389345373163 0
1692944230688 1.4536505061437448 0
1692944230689 1.4511733356950436 0
1692944230690 1.4487037512320935 0
1692944230691 1.4460508568715686 0
1692944230692 1.4435603440765528 0
1692944230693 1.4413012040344373 0
1692944230694 1.439248698102895 0
1692944230694 1.4367923057298402 0
1692944230695 1.4344043985103958 0
1692944230696 1.4321429962905847 0
1692944230697 1.4300011076010566 0
