1692944266644 1.887485163323158 0
1692944266645 1.8744585362684567 0
1692944266646 1.861579652825531 0
1692944266647 1.8490022027648394 0
1692944266647 1.836606588048061 0
1692944266648 1.8244208745193773 0
1692944266649 1.8124609857185994 0
1692944266650 1.8002080005204308 0
1692944266651 1.7886800702589642 0
1692944266652 1.777420061727745 0
1692944266653 1.766361522107353 0
1692944266653 1.7553903346755726 0
1692944266654 1.7439435428400831 0
1692944266655 1.7332954939326395 0
1692944266656 1.7223422353076057 0
1692944266656 1.7121825883962403 0
1692944266657 1.7022358623603189 0
1692944266658 1.6924051173248762 0
1692944266659 1.682765050165912 0
1692944266659 1.6733574247799679 0
1692944266661 1.6633928899545578 0
1692944266662 1.6541816377563485 0
1692944266663 1.6451881399680113 0
1692944266664 1.6359356673306138 0
1692944266665 1.6272782408635487 0
1692944266666 1.6188585369698445 0
1692944266667 1.610435216654313 0
1692944266668 1.6021946324098757 0
1692944266670 1.594148456600584 0
1692944266671 1.5855992496741274 0
1692944266672 1.5777886606395162 0
1692944266673 1.5702185807734217 0
1692944266674 1.562842853598801 0
1692944266675 1.5554650112147517 0
1692944266677 1.548174169397563 0
1692944266678 1.54067914142022 0
1692944266679 1.5336760734784796 0
1692944266680 1.5264583358366377 0
1692944266681 1.5191784430049355 0
1692944266682 1.5120462779663728 0
1692944266683 1.5051124239738518 0
1692944266685 1.4984673748799786 0
1692944266686 1.491817829561317 0
1692944266687 1.485355414146203 0
1692944266688 1.4788686439758891 0
1692944266689 1.4725866238253689 0
1692944266690 1.4663401705381565 0
1692944266691 1.4601223434554524 0
1692944266692 1.454096818280177 0
1692944266694 1.4482616922296758 0
1692944266695 1.4424280447510118 0
1692944266696 1.4366756527123234 0
1692944266697 1.4310209763096202 0
1692944266698 1.4254687555739247 0
1692944266699 1.4200720081088616 0
1692944266700 1.4146129199574098 0
1692944266701 1.4092830450461886 0
1692944266702 1.4041659330021552 0
1692944266704 1.3990089947464415 0
1692944266705 1.3940129952851217 0
1692944266706 1.3890565846100982 0
1692944266707 1.384222945125311 0
1692944266708 1.3793927357306826 0
1692944266709 1.3746167004361143 0
1692944266710 1.3700012233179815 0
1692944266711 1.3655668879816112 0
1692944266713 1.361034715103813 0
1692944266714 1.3566593298834684 0
1692944266715 1.3523545186004469 0
1692944266716 1.348202827154447 0
1692944266717 1.344122807128714 0
1692944266718 1.3400061535123085 0
1692944266719 1.3360599982785442 0
1692944266720 1.332118850836876 0
1692944266722 1.3282136187618254 0
1692944266723 1.3242172900830735 0
1692944266724 1.3204546948540083 0
1692944266725 1.316714664680595 0
1692944266726 1.312983123152538 0
1692944266727 1.309450436601876 0
1692944266728 1.305938505437505 0
1692944266729 1.3023278210806692 0
1692944266730 1.2988938909273346 0
1692944266732 1.2955939951397826 0
1692944266733 1.292348175330318 0
1692944266733 1.2891867653757922 0
1692944266735 1.2859921297353725 0
1692944266736 1.2826872674613297 0
1692944266737 1.2794362295229376 0
1692944266738 1.2764384911446596 0
1692944266739 1.2732015046210903 0
1692944266740 1.2703005734724762 0
1692944266741 1.2672065520246472 0
1692944266743 1.264360163149073 0
1692944266744 1.2612802567151107 0
1692944266745 1.258414731771219 0
1692944266746 1.255297217038067 0
1692944266747 1.2526992094471523 0
1692944266748 1.2501117583129688 0
1692944266749 1.2474349518397154 0
