1692944273996 1.8874623370817551 0
1692944273997 1.875059257719831 0
1692944273998 1.862515138542989 0
1692944273999 1.8496393336550905 0
1692944274000 1.837018706646095 0
1692944274000 1.8246638792595078 0
1692944274001 1.81326616802629 0
1692944274002 1.8017990072176047 0
1692944274003 1.7898333943679576 0
1692944274004 1.7791696246977764 0
1692944274005 1.7678333723810873 0
1692944274006 1.7568625043556088 0
1692944274006 1.7464925923044692 0
1692944274007 1.7361438821920372 0
1692944274008 1.725877052268121 0
1692944274009 1.7156213256814292 0
1692944274009 1.7062644017291284 0
1692944274010 1.696825560202232 0
1692944274011 1.6869706747669615 0
1692944274012 1.6770778791935528 0
1692944274012 1.667623991439685 0
1692944274013 1.6590133989328837 0
1692944274014 1.6500090265753626 0
1692944274015 1.6410382763312936 0
1692944274015 1.6327953450806907 0
1692944274016 1.6242654771758074 0
1692944274017 1.6155886803722008 0
1692944274018 1.6071572340727485 0
1692944274019 1.5985938914844693 0
1692944274019 1.5904202135455408 0
1692944274020 1.582596891848868 0
1692944274021 1.5753581039621662 0
1692944274022 1.5678061087453705 0
1692944274022 1.5599230249535603 0
1692944274023 1.5522148227388037 0
1692944274024 1.544749752650342 0
1692944274025 1.5377133890218184 0
1692944274026 1.5302675045502707 0
1692944274026 1.5233273327377224 0
1692944274027 1.5163405475719005 0
1692944274028 1.509847059717539 0
1692944274029 1.5036284125908015 0
1692944274029 1.4973555212313192 0
1692944274030 1.4911132224836126 0
1692944274031 1.4848630501788258 0
1692944274032 1.4789207976096896 0
1692944274033 1.4729966724167562 0
1692944274033 1.4670712482751034 0
1692944274034 1.4611969218688166 0
1692944274035 1.4554706011178145 0
1692944274036 1.449829079867233 0
1692944274037 1.4443454856852187 0
1692944274037 1.4386916993208816 0
1692944274038 1.4333503789669988 0
1692944274039 1.4282002588732694 0
1692944274040 1.4229127831117931 0
1692944274040 1.4178495235500044 0
1692944274041 1.412960211136702 0
1692944274042 1.407888072281047 0
1692944274043 1.403044779789662 0
1692944274043 1.3981273021844542 0
1692944274044 1.3934186098958081 0
1692944274045 1.3884013429787343 0
1692944274046 1.3837002228470352 0
1692944274046 1.3791335721203315 0
1692944274047 1.374463524828006 0
1692944274048 1.369820186118554 0
1692944274049 1.3654137959651194 0
1692944274050 1.361026018975468 0
1692944274050 1.3565005922895412 0
1692944274051 1.3521267611782997 0
1692944274052 1.3478874300002486 0
1692944274053 1.344141790158173 0
1692944274053 1.340245044013296 0
1692944274054 1.3360911417913452 0
1692944274055 1.3319663338818086 0
1692944274056 1.3277248600265323 0
1692944274056 1.3239094119944261 0
1692944274057 1.3201435252926164 0
1692944274058 1.3164894890730239 0
1692944274059 1.312754729433347 0
1692944274059 1.3092666785664375 0
1692944274060 1.3056698515578415 0
1692944274061 1.3021197136900255 0
1692944274062 1.2986757323606157 0
1692944274062 1.2952770387155588 0
1692944274063 1.2917679608240142 0
1692944274064 1.2883886096925015 0
1692944274065 1.2850389717487034 0
1692944274066 1.2820839060996523 0
1692944274066 1.2786704194407994 0
1692944274067 1.2755692786563488 0
1692944274068 1.2726179992062574 0
1692944274069 1.2696782554838968 0
1692944274070 1.2665483806781104 0
1692944274071 1.2633437167162906 0
1692944274072 1.2603595286158442 0
1692944274072 1.257548860456036 0
1692944274073 1.2547797854327354 0
1692944274074 1.2518807281699522 0
