1692944353462 1.7981653130733741 0
1692944353463 1.712340356332571 0
1692944353464 1.6337272605802406 0
1692944353465 1.5683789354123499 0
1692944353465 1.5150295091580868 0
1692944353466 1.4699300482547841 0
1692944353467 1.4332311600695042 0
1692944353468 1.4018659386829546 0
1692944353469 1.3756119423535287 0
1692944353470 1.3519200356392256 0
1692944353471 1.332785577279001 0
1692944353472 1.3149199237268523 0
1692944353472 1.300260487074865 0
1692944353473 1.287332090882817 0
1692944353474 1.2752959127616934 0
1692944353475 1.2650573250819603 0
1692944353476 1.2549845157404995 0
1692944353476 1.2469721859899487 0
1692944353477 1.2390330422894305 0
1692944353478 1.231359074995806 0
1692944353479 1.223704374909358 0
1692944353480 1.2177907185415928 0
1692944353480 1.213046570981436 0
1692944353481 1.2074763783085465 0
1692944353482 1.2031960572231426 0
1692944353483 1.1980036868524202 0
1692944353483 1.192910806353003 0
1692944353484 1.1879546842911126 0
1692944353485 1.184280285631715 0
1692944353486 1.181706539346877 0
1692944353487 1.1782873038916983 0
1692944353487 1.1755536589625135 0
1692944353488 1.1729545405441821 0
1692944353489 1.1707063938323705 0
1692944353490 1.1678752671290886 0
1692944353491 1.1658587482706275 0
1692944353491 1.1638561328270327 0
1692944353492 1.162190041624765 0
1692944353493 1.1595583482950593 0
1692944353494 1.1580582132749655 0
1692944353495 1.1552321798231158 0
1692944353495 1.152208811632909 0
1692944353496 1.1499392400660902 0
1692944353497 1.1456567668296564 0
1692944353498 1.1430353786340226 0
1692944353499 1.1412958353605513 0
1692944353499 1.138895034756561 0
1692944353500 1.1361195253544938 0
1692944353501 1.1345719332855 0
1692944353502 1.1322972636490856 0
1692944353503 1.1297233954943546 0
1692944353503 1.1269987042531888 0
1692944353504 1.1251094765313079 0
1692944353505 1.1243754596674576 0
1692944353506 1.1237120063472033 0
1692944353506 1.1211409953732616 0
1692944353507 1.1202928555400011 0
1692944353508 1.1184593737911763 0
1692944353509 1.1178337317163316 0
1692944353510 1.1169740881580543 0
1692944353510 1.1149734263839302 0
1692944353511 1.1136399528271839 0
1692944353512 1.113317388418257 0
1692944353513 1.1097580240101346 0
1692944353514 1.107914855540125 0
1692944353514 1.1070327875517374 0
1692944353515 1.105922342750161 0
1692944353516 1.1051734778209872 0
1692944353517 1.1041290362721334 0
1692944353518 1.10376284654803 0
1692944353518 1.1031577973108204 0
1692944353519 1.1014534307347632 0
1692944353520 1.0998358661999976 0
1692944353521 1.099351603072977 0
1692944353521 1.0983650681494335 0
1692944353522 1.0955881908039304 0
1692944353523 1.09430764100315 0
1692944353524 1.0932890769274308 0
1692944353525 1.0915694147207744 0
1692944353525 1.0912563958938406 0
1692944353526 1.0900879411992348 0
1692944353527 1.089724423680908 0
1692944353528 1.0883967092104725 0
1692944353529 1.0867105564016926 0
1692944353529 1.084533956772047 0
1692944353530 1.0824721431981048 0
1692944353531 1.081226940398965 0
1692944353532 1.080880393715995 0
1692944353533 1.0804140455508036 0
1692944353534 1.0787678926080808 0
1692944353537 1.0783365410891985 0
1692944353538 1.0769425620673854 0
1692944353540 1.0767722268823563 0
1692944353541 1.0763803826629001 0
1692944353542 1.0748526717754674 0
1692944353542 1.0738504224747787 0
1692944353544 1.0734612315565306 0
1692944353544 1.072173456533197 0
1692944353545 1.0704612322175482 0
1692944353546 1.0695462378257752 0
