1692944218770 1.8912397661205944 0
1692944218771 1.8818969711164029 0
1692944218772 1.8727400977327946 0
1692944218773 1.8637654461295199 0
1692944218774 1.854969390093151 0
1692944218775 1.8463448408368648 0
1692944218775 1.837883544339478 0
1692944218777 1.8295872345099728 0
1692944218778 1.8214478822737734 0
1692944218778 1.8134632555032981 0
1692944218779 1.8056298923980596 0
1692944218780 1.7979446075889667 0
1692944218781 1.7896751521346288 0
1692944218781 1.7815699907299076 0
1692944218782 1.774285962913463 0
1692944218783 1.7664662358901646 0
1692944218784 1.758799613848737 0
1692944218784 1.7519037536523414 0
1692944218785 1.7445069360855785 0
1692944218786 1.7372571093458518 0
1692944218787 1.7307248410861904 0
1692944218788 1.723730081047755 0
1692944218789 1.7168722003056447 0
1692944218789 1.7106009291056674 0
1692944218790 1.7039837511651068 0
1692944218791 1.69749729618059 0
1692944218792 1.691134466944095 0
1692944218792 1.6852950671844515 0
1692944218793 1.679155527928584 0
1692944218794 1.6731366554731564 0
1692944218795 1.667604620292834 0
1692944218795 1.661516292723774 0
1692944218796 1.655752400785192 0
1692944218797 1.649895203904744 0
1692944218798 1.6446923975953343 0
1692944218798 1.6390221981294208 0
1692944218799 1.6336718121211478 0
1692944218800 1.6281946081675212 0
1692944218801 1.6233251507103987 0
1692944218802 1.6180224146496067 0
1692944218802 1.6129911192767301 0
1692944218803 1.6078838243816866 0
1692944218804 1.6028750237676024 0
1692944218805 1.5983602565892627 0
1692944218805 1.5935104351822906 0
1692944218806 1.5888991657755196 0
1692944218807 1.584214236855954 0
1692944218808 1.5799840344855132 0
1692944218808 1.575593024968923 0
1692944218809 1.571134153502252 0
1692944218810 1.5667634037617675 0
1692944218811 1.56252077661176 0
1692944218811 1.5584039333857014 0
1692944218812 1.5542437886807212 0
1692944218813 1.5502067036445266 0
1692944218814 1.546434117872914 0
1692944218814 1.5424599351619774 0
1692944218815 1.538812121724293 0
1692944218816 1.5350564607686095 0
1692944218817 1.5313017742175674 0
1692944218817 1.527613325862099 0
1692944218818 1.5239366213926944 0
1692944218819 1.5204558977703175 0
1692944218819 1.5169430502278796 0
1692944218820 1.5134393048915968 0
1692944218821 1.5101272763515623 0
1692944218822 1.5067874421068115 0
1692944218822 1.5035140705635308 0
1692944218823 1.5002809533341956 0
1692944218824 1.4969258639221557 0
1692944218825 1.4938687258307317 0
1692944218825 1.4907194951642584 0
1692944218826 1.487837277117613 0
1692944218827 1.484861251588138 0
1692944218827 1.4819997735006882 0
1692944218828 1.4790265290326492 0
1692944218829 1.4762617188499894 0
1692944218830 1.473396791509242 0
1692944218831 1.470686748324549 0
1692944218831 1.4678851120466194 0
1692944218832 1.4653055467523426 0
1692944218833 1.4626107344686454 0
1692944218833 1.4600048190059904 0
1692944218834 1.4574901862926757 0
1692944218835 1.4550255947703556 0
1692944218836 1.452451798608054 0
1692944218836 1.4499979059893398 0
1692944218837 1.4476760990333768 0
1692944218838 1.4453619415961771 0
1692944218838 1.4429305843447324 0
1692944218839 1.4407436059711227 0
1692944218840 1.4383907148690378 0
1692944218841 1.4360548717185095 0
1692944218842 1.433801705357704 0
1692944218843 1.4315396270107505 0
1692944218843 1.4293549311401985 0
1692944218844 1.4271592469820613 0
1692944218845 1.425068231504177 0
1692944218846 1.4229775023246454 0
1692944218846 1.4207595828604629 0
