1692944367872 1.784934979581641 0
1692944367873 1.6886166991002125 0
1692944367874 1.6094760564997692 0
1692944367875 1.5377417993165583 0
1692944367876 1.4785654250914606 0
1692944367877 1.4280205920673696 0
1692944367878 1.3869482086449316 0
1692944367879 1.3517769068149164 0
1692944367880 1.32141249040696 0
1692944367881 1.2963573204030023 0
1692944367882 1.2754299935175704 0
1692944367883 1.2579279429441586 0
1692944367883 1.2422493011169293 0
1692944367884 1.2293192282948013 0
1692944367885 1.2177648738946174 0
1692944367886 1.2060752871750005 0
1692944367887 1.1955239949198517 0
1692944367887 1.1834557797222738 0
1692944367888 1.1751067315738757 0
1692944367889 1.1666830378834105 0
1692944367890 1.1594416516167396 0
1692944367891 1.1535403219104094 0
1692944367891 1.1465877977522638 0
1692944367892 1.1410933723115018 0
1692944367893 1.134912489447787 0
1692944367894 1.1292291570805373 0
1692944367895 1.124192854022176 0
1692944367895 1.11972939655245 0
1692944367896 1.1164422403955538 0
1692944367897 1.1122400666217256 0
1692944367898 1.1085905938164913 0
1692944367899 1.1042093765547931 0
1692944367899 1.1003408964318468 0
1692944367900 1.0974052261560143 0
1692944367901 1.0942982821268894 0
1692944367902 1.0909983007938115 0
1692944367903 1.0868886865158374 0
1692944367903 1.0848936735010284 0
1692944367904 1.0813939654895277 0
1692944367905 1.076970122847235 0
1692944367906 1.0747495474234467 0
1692944367907 1.0717043818657515 0
1692944367907 1.0690528534283537 0
1692944367908 1.0652040911342884 0
1692944367909 1.0645409207119407 0
1692944367910 1.0617529666127554 0
1692944367911 1.0589228020536219 0
1692944367911 1.057185389113709 0
1692944367912 1.0549790738253573 0
1692944367913 1.0536614968755762 0
1692944367914 1.0494556471433696 0
1692944367915 1.0471897085368327 0
1692944367916 1.0451052205714395 0
1692944367917 1.044340030911204 0
1692944367917 1.0410074770210789 0
1692944367918 1.0378391830404092 0
1692944367919 1.0364188895259692 0
1692944367920 1.0338086900320955 0
1692944367921 1.0311501419309013 0
1692944367921 1.030515411003054 0
1692944367922 1.0290347958047987 0
1692944367923 1.0285733523847154 0
1692944367924 1.0272806198243856 0
1692944367925 1.0245123665071727 0
1692944367925 1.023013774437017 0
1692944367926 1.020624050750723 0
1692944367927 1.0199935292485713 0
1692944367928 1.0182946508114958 0
1692944367929 1.0160679546981501 0
1692944367929 1.0157487948754775 0
1692944367930 1.0134410566760934 0
1692944367931 1.0131847555214182 0
1692944367932 1.0125378365684765 0
1692944367933 1.0091422540228376 0
1692944367933 1.0058133366598747 0
1692944367934 1.0039348104509322 0
1692944367935 1.001874121580101 0
1692944367936 0.9987401599668051 0
1692944367937 0.9949753235710038 0
1692944367937 0.9925765819481389 0
1692944367938 0.989945991743767 0
1692944367939 0.9894979221910462 0
1692944367940 0.9887922918901608 0
1692944367941 0.988190318981204 0
1692944367941 0.9865229818588882 0
1692944367943 0.9834107671751194 0
1692944367944 0.9817521397292118 0
1692944367945 0.9806781264986072 0
1692944367945 0.9800840893479309 0
1692944367946 0.9781140856112072 0
1692944367947 0.9757405576429957 0
1692944367948 0.9737246627765321 0
1692944367949 0.9727637565167249 0
1692944367950 0.971355410562893 0
1692944367950 0.9710152693495738 0
1692944367951 0.9707983763786325 0
1692944367952 0.9703214356594224 0
1692944367953 0.96985462941878 0
1692944367954 0.969676351811297 0
1692944367954 0.9680608782564314 0
