1692944306129 1.8509623713779277 0
1692944306130 1.8012390157390596 0
1692944306131 1.7564353562797224 0
1692944306132 1.7180374119934014 0
1692944306133 1.6818487733829246 0
1692944306133 1.645647778105036 0
1692944306134 1.612404262312391 0
1692944306135 1.5812849961559678 0
1692944306136 1.5538055100099653 0
1692944306137 1.531085185820358 0
1692944306138 1.5101907747014223 0
1692944306139 1.4875610088992595 0
1692944306140 1.4677738079000802 0
1692944306140 1.4484344725722915 0
1692944306141 1.4317002078435521 0
1692944306142 1.416899040678237 0
1692944306143 1.4016208701499295 0
1692944306143 1.38858448962668 0
1692944306144 1.376239904689275 0
1692944306145 1.364858944588689 0
1692944306146 1.3537863179551413 0
1692944306147 1.3440016655120828 0
1692944306147 1.3350889341751622 0
1692944306148 1.3269635503883148 0
1692944306149 1.3192415637489512 0
1692944306150 1.3119132892034002 0
1692944306150 1.304619940313696 0
1692944306151 1.2981614348149548 0
1692944306152 1.2916319742542748 0
1692944306153 1.2860216426277653 0
1692944306153 1.2799122885807448 0
1692944306154 1.2744916833131514 0
1692944306155 1.2697992238383766 0
1692944306156 1.2644268836480215 0
1692944306157 1.2598195451008922 0
1692944306157 1.2555292833887088 0
1692944306158 1.251777826211477 0
1692944306159 1.2474561305956235 0
1692944306160 1.2425660879443092 0
1692944306160 1.238988476215805 0
1692944306161 1.2357860191986905 0
1692944306162 1.2324199309823307 0
1692944306163 1.2290034346540015 0
1692944306163 1.2253634350332416 0
1692944306164 1.2223917636763628 0
1692944306165 1.2196336614184502 0
1692944306166 1.2173260053414503 0
1692944306167 1.2145443607488262 0
1692944306167 1.2122719152544839 0
1692944306168 1.2095259366702402 0
1692944306169 1.2067644806657778 0
1692944306170 1.204144936241001 0
1692944306171 1.2022590717061714 0
1692944306172 1.2001532055103419 0
1692944306173 1.1980581355827205 0
1692944306173 1.195959587278255 0
1692944306174 1.1935519045844596 0
1692944306175 1.1912333911140618 0
1692944306176 1.1891804201282432 0
1692944306176 1.187211118225698 0
1692944306177 1.1858584201475901 0
1692944306178 1.1845027328492748 0
1692944306179 1.1827552013337055 0
1692944306179 1.1812826512971086 0
1692944306180 1.180036707179936 0
1692944306181 1.1779567912759974 0
1692944306182 1.1763500423871482 0
1692944306183 1.174817948549848 0
1692944306183 1.1735539421019132 0
1692944306184 1.1719175286142576 0
1692944306185 1.1709510703069104 0
1692944306186 1.1698214534707079 0
1692944306187 1.1687282872822138 0
1692944306188 1.1674357972632534 0
1692944306188 1.1663914111140279 0
1692944306189 1.164629947864147 0
1692944306190 1.1630640259204208 0
1692944306191 1.1619129625613758 0
1692944306191 1.1609526711325935 0
1692944306192 1.159326864599424 0
1692944306193 1.157999930355408 0
1692944306194 1.1568549989998353 0
1692944306194 1.15579585647455 0
1692944306195 1.1543365819903555 0
1692944306196 1.1533015979459211 0
1692944306197 1.1521871802080252 0
1692944306198 1.151561071572223 0
1692944306198 1.150689932261875 0
1692944306199 1.1497084862442686 0
1692944306200 1.1486150858636577 0
1692944306201 1.147450392946315 0
1692944306202 1.1470518589877392 0
1692944306203 1.1458780658410053 0
1692944306205 1.1451946958107342 0
1692944306206 1.1442172045493493 0
1692944306207 1.1433203107679237 0
1692944306208 1.1429073298336203 0
1692944306209 1.1421631342612373 0
1692944306211 1.1416480970353093 0
1692944306217 1.1406402275675664 0
