1692944317277 1.8416849714436525 0
1692944317278 1.7881025878861199 0
1692944317279 1.7384183361974395 0
1692944317281 1.6953310825793853 0
1692944317282 1.6546992619092609 0
1692944317282 1.6164843375492621 0
1692944317283 1.5800141175152518 0
1692944317284 1.5485925591395038 0
1692944317285 1.5174473121793783 0
1692944317286 1.4887894374225197 0
1692944317287 1.4623066226106158 0
1692944317288 1.438481736850367 0
1692944317288 1.416910885038413 0
1692944317289 1.3966675096388659 0
1692944317290 1.378326073254201 0
1692944317291 1.361303716522244 0
1692944317292 1.3461001297388355 0
1692944317292 1.3315748419509956 0
1692944317293 1.3177325243844795 0
1692944317294 1.3050708693389848 0
1692944317295 1.2936339023364065 0
1692944317295 1.282158928834658 0
1692944317296 1.2723966439858276 0
1692944317297 1.2623619226374494 0
1692944317298 1.2539323626957066 0
1692944317298 1.2456990928727918 0
1692944317299 1.237485125337662 0
1692944317300 1.2304177772767124 0
1692944317301 1.2236619741362686 0
1692944317302 1.217725284601993 0
1692944317302 1.2115710446267036 0
1692944317303 1.2056320995572287 0
1692944317304 1.199963283517129 0
1692944317305 1.1941466805667078 0
1692944317305 1.1889410557232964 0
1692944317306 1.184371594058313 0
1692944317307 1.1797922470950561 0
1692944317308 1.1759022678724294 0
1692944317309 1.1714540895130174 0
1692944317309 1.167458436057224 0
1692944317310 1.1632311001834326 0
1692944317311 1.1587100673599018 0
1692944317312 1.155416813207948 0
1692944317313 1.152496731957167 0
1692944317313 1.1498328179344315 0
1692944317314 1.1465555209907208 0
1692944317315 1.1430094898045478 0
1692944317316 1.1393277393608767 0
1692944317316 1.1363412614241546 0
1692944317317 1.1334020921669783 0
1692944317318 1.1307018222192402 0
1692944317319 1.1277065056817528 0
1692944317320 1.1245821694936684 0
1692944317320 1.121280157749751 0
1692944317321 1.1191643182515103 0
1692944317322 1.1165124025185396 0
1692944317323 1.1137888753806384 0
1692944317324 1.1117610415238774 0
1692944317324 1.1094001524279313 0
1692944317325 1.1073698918907098 0
1692944317326 1.1042999678813805 0
1692944317327 1.1026474455544426 0
1692944317327 1.1008170484578337 0
1692944317328 1.0987109276161875 0
1692944317329 1.0977654528894798 0
1692944317330 1.0958571703995035 0
1692944317331 1.0945243625889989 0
1692944317331 1.0922520057759972 0
1692944317332 1.090840518251588 0
1692944317333 1.0890362248224033 0
1692944317334 1.0875121470585767 0
1692944317334 1.0864816615090138 0
1692944317335 1.084802399233968 0
1692944317336 1.083140355555988 0
1692944317337 1.0819317559955044 0
1692944317338 1.0800979725593036 0
1692944317338 1.078238343516498 0
1692944317339 1.0769073064100423 0
1692944317340 1.075558712715018 0
1692944317341 1.0742574561487082 0
1692944317342 1.0732619113266806 0
1692944317342 1.0727576970291317 0
1692944317343 1.0711924592860267 0
1692944317344 1.0701902428668302 0
1692944317345 1.0688015074318427 0
1692944317345 1.0673879330740876 0
1692944317346 1.0658448500491209 0
1692944317347 1.063569430152362 0
1692944317348 1.0631542667550757 0
1692944317349 1.0626072774125483 0
1692944317349 1.0606060943771203 0
1692944317350 1.0589984291521986 0
1692944317351 1.0575449433861506 0
1692944317352 1.056278419569981 0
1692944317353 1.055067931152363 0
1692944317354 1.05297002011149 0
1692944317354 1.0513356093513013 0
1692944317355 1.0497960377023126 0
1692944317356 1.049325418945034 0
1692944317357 1.0482753589226304 0
