1692944349988 1.8112694851910052 0
1692944349989 1.740326408887975 0
1692944349990 1.6889431849932568 0
1692944349991 1.642225444574742 0
1692944349992 1.5886932298997687 0
1692944349992 1.5456562393734516 0
1692944349993 1.5165878576634648 0
1692944349994 1.4832774082673197 0
1692944349995 1.4603036901168285 0
1692944349996 1.4377272819781661 0
1692944349997 1.4154542894434334 0
1692944349998 1.3984793952304018 0
1692944349999 1.3782518003983601 0
1692944349999 1.3632811087743197 0
1692944350000 1.3481704208164254 0
1692944350001 1.3375214632367058 0
1692944350002 1.327081274556734 0
1692944350003 1.3169651338644746 0
1692944350003 1.3083875721237532 0
1692944350004 1.2999269086670733 0
1692944350005 1.2927694303408332 0
1692944350006 1.2870972049657186 0
1692944350007 1.2813254543490105 0
1692944350007 1.2755317432350957 0
1692944350008 1.2709211798910103 0
1692944350009 1.2671208867346524 0
1692944350010 1.263548196959038 0
1692944350011 1.2592252490855436 0
1692944350011 1.255488325459901 0
1692944350012 1.2521091751813813 0
1692944350013 1.2494794425696358 0
1692944350014 1.2461032591931482 0
1692944350015 1.2437351329268818 0
1692944350015 1.2402560392379622 0
1692944350016 1.237154638617809 0
1692944350017 1.2340904622431448 0
1692944350018 1.2324291069306843 0
1692944350019 1.2297005789279964 0
1692944350019 1.2277310454796122 0
1692944350020 1.2245251785906937 0
1692944350021 1.222830004150327 0
1692944350022 1.2205136461574007 0
1692944350023 1.2189003410117962 0
1692944350023 1.216548008052672 0
1692944350024 1.214869185689979 0
1692944350025 1.212701577131239 0
1692944350026 1.2116835596035331 0
1692944350027 1.2105408296463382 0
1692944350027 1.209358179074431 0
1692944350028 1.208535195081933 0
1692944350029 1.206767757151377 0
1692944350030 1.2052396637543494 0
1692944350031 1.2043214458978386 0
1692944350031 1.2028863749152623 0
1692944350032 1.2019427219153729 0
1692944350033 1.2013974759008714 0
1692944350034 1.2004560534226671 0
1692944350034 1.1992913269912466 0
1692944350035 1.197788177792772 0
1692944350036 1.1973165478966064 0
1692944350037 1.1962614287655058 0
1692944350038 1.1958206169203514 0
1692944350039 1.194828057526342 0
1692944350039 1.1942007490758633 0
1692944350040 1.1931072097547484 0
1692944350041 1.1924759144269932 0
1692944350042 1.1921526147851278 0
1692944350043 1.1908202294567627 0
1692944350043 1.1893900832239577 0
1692944350044 1.1879520249509192 0
1692944350045 1.187241859259868 0
1692944350046 1.1857440327725486 0
1692944350047 1.1843292621690271 0
1692944350047 1.1837013097959193 0
1692944350048 1.1829780018035188 0
1692944350049 1.182670982594791 0
1692944350050 1.1814434784859342 0
1692944350051 1.1804026553558418 0
1692944350051 1.1798978602080552 0
1692944350052 1.1789366355891064 0
1692944350053 1.1777959220520944 0
1692944350054 1.1774750265834837 0
1692944350054 1.1771327348370135 0
1692944350055 1.1758493123516394 0
1692944350056 1.1749575797029725 0
1692944350057 1.1741805541517059 0
1692944350058 1.173222239315316 0
1692944350058 1.1724082817933907 0
1692944350059 1.1711703661926793 0
1692944350060 1.1704619962404479 0
1692944350062 1.1697541683373325 0
1692944350063 1.168998350101279 0
1692944350064 1.1686841150730531 0
1692944350064 1.1684483880986118 0
1692944350065 1.1674377440226744 0
1692944350066 1.1664066849015902 0
1692944350067 1.1661475290485772 0
1692944350068 1.1652303258460421 0
1692944350068 1.1644814297777084 0
1692944350069 1.1642821814670266 0
