1692944244344 1.8897805226396232 0
1692944244345 1.8789230990824974 0
1692944244345 1.8689139544579194 0
1692944244346 1.8588376156346766 0
1692944244347 1.8489446684582003 0
1692944244348 1.839366167853193 0
1692944244349 1.8297656174555368 0
1692944244350 1.820347651243172 0
1692944244350 1.8111848685367014 0
1692944244351 1.8018525054939418 0
1692944244352 1.7943302129295056 0
1692944244353 1.785237964537925 0
1692944244354 1.7767669578071312 0
1692944244354 1.7693855260178568 0
1692944244355 1.7614157079016883 0
1692944244356 1.753966757394015 0
1692944244357 1.7467432143114192 0
1692944244357 1.7390307647865475 0
1692944244358 1.7316327314734912 0
1692944244359 1.724081290438542 0
1692944244360 1.717701494941075 0
1692944244360 1.7103612171663591 0
1692944244361 1.7022637894437973 0
1692944244362 1.6950107281723916 0
1692944244363 1.6873942480056296 0
1692944244363 1.6799600068858098 0
1692944244364 1.6724765407108644 0
1692944244365 1.6652131196773947 0
1692944244366 1.659052762596657 0
1692944244366 1.6520756013413262 0
1692944244367 1.6454681335549286 0
1692944244368 1.6387761123680085 0
1692944244369 1.6323221679656807 0
1692944244369 1.6257992538416994 0
1692944244370 1.619209928686993 0
1692944244371 1.6138850078739726 0
1692944244372 1.607828391200923 0
1692944244373 1.6015834509354854 0
1692944244374 1.59567792420292 0
1692944244374 1.5898932907953784 0
1692944244375 1.5840594023804153 0
1692944244376 1.5790043036383943 0
1692944244376 1.5738593272770796 0
1692944244377 1.568627347162991 0
1692944244378 1.5633466678837842 0
1692944244379 1.558187661915256 0
1692944244379 1.5529355171595423 0
1692944244380 1.547715765378428 0
1692944244381 1.542712125096558 0
1692944244382 1.5378145081937362 0
1692944244383 1.5328154169720687 0
1692944244383 1.5278951405311016 0
1692944244384 1.5233964867413523 0
1692944244385 1.5187076220078566 0
1692944244386 1.513991918826043 0
1692944244386 1.5101561441981977 0
1692944244387 1.5057913434256065 0
1692944244388 1.5014132883711029 0
1692944244389 1.4971914331319565 0
1692944244390 1.4930096406695506 0
1692944244390 1.4887431510503997 0
1692944244391 1.4846211984136637 0
1692944244392 1.480524661095187 0
1692944244393 1.4764987018106195 0
1692944244393 1.472604329399983 0
1692944244394 1.4686927209351845 0
1692944244395 1.4648765017177934 0
1692944244396 1.4612338492720924 0
1692944244396 1.4575739534857413 0
1692944244397 1.453901685220104 0
1692944244398 1.4503307737798716 0
1692944244399 1.4468452047997868 0
1692944244399 1.4433603420652377 0
1692944244400 1.440075628067197 0
1692944244401 1.436704647552215 0
1692944244402 1.4334704353603371 0
1692944244402 1.4302360211320628 0
1692944244403 1.427154375364121 0
1692944244404 1.4240137355687816 0
1692944244405 1.4208876755063835 0
1692944244405 1.4179407270980424 0
1692944244406 1.415074973261297 0
1692944244407 1.41212757465003 0
1692944244408 1.409303132297177 0
1692944244408 1.4065404098818588 0
1692944244409 1.4038084100042172 0
1692944244410 1.4009675625233942 0
1692944244411 1.3982528914268404 0
1692944244411 1.3956571788693564 0
1692944244412 1.3930285900974875 0
1692944244413 1.3904554824144895 0
1692944244414 1.3883017195459288 0
1692944244415 1.385916279323562 0
1692944244416 1.3833641838232684 0
1692944244417 1.3807531425378001 0
1692944244417 1.3783119998706903 0
1692944244418 1.3759739679838585 0
1692944244419 1.3737027316983015 0
1692944244420 1.3714619042342737 0
1692944244420 1.369217887075237 0
